tPATH_BP = [
	19.184361,  47.655872,
	19.184611,  47.655831,
	19.184964,  47.655902,
	19.184730,  47.655829,
	19.185341,  47.655549,
	19.185768,  47.655386,
	19.187240,  47.654895,
	19.189793,  47.654001,
	19.192199,  47.653207,
	19.196760,  47.651860,
	19.209542,  47.648145,
	19.210806,  47.647717,
	19.211803,  47.647279,
	19.224441,  47.641411,
	19.225786,  47.640805,
	19.233099,  47.637410,
	19.234190,  47.636924,
	19.234596,  47.635391,
	19.235451,  47.631640,
	19.236061,  47.629062,
	19.237013,  47.624852,
	19.237623,  47.622274,
	19.238019,  47.620498,
	19.238644,  47.617917,
	19.238725,  47.617411,
	19.238725,  47.617177,
	19.238673,  47.616926,
	19.238608,  47.616774,
	19.238477,  47.616536,
	19.238222,  47.616155,
	19.236061,  47.613119,
	19.235784,  47.612755,
	19.235617,  47.612572,
	19.235437,  47.612422,
	19.234940,  47.612134,
	19.232745,  47.611094,
	19.231679,  47.610537,
	19.229488,  47.609488,
	19.228708,  47.609066,
	19.224376,  47.606469,
	19.224147,  47.606310,
	19.223690,  47.605934,
	19.222985,  47.605261,
	19.221139,  47.603289,
	19.220596,  47.602741,
	19.219943,  47.602031,
	19.219401,  47.601484,
	19.218747,  47.600774,
	19.218204,  47.600227,
	19.217138,  47.599096,
	19.216501,  47.598347,
	19.214715,  47.595847,
	19.213672,  47.594438,
	19.211636,  47.591555,
	19.207490,  47.584814,
	19.207353,  47.584553,
	19.208237,  47.584310,
	19.209219,  47.584010,
	19.216466,  47.581728,
	19.225616,  47.578763,
	19.226491,  47.578432,
	19.227119,  47.578134,
	19.228531,  47.577405,
	19.229508,  47.576943,
	19.231177,  47.576087,
	19.232154,  47.575626,
	19.233823,  47.574770,
	19.234800,  47.574309,
	19.236470,  47.573454,
	19.237447,  47.572992,
	19.239116,  47.572137,
	19.240094,  47.571675,
	19.241763,  47.570820,
	19.242741,  47.570358,
	19.244410,  47.569503,
	19.245388,  47.569042,
	19.247057,  47.568187,
	19.248545,  47.567469,
	19.250195,  47.566599,
	19.252252,  47.565258,
	19.252271,  47.564565,
	19.252616,  47.561471,
	19.252619,  47.561021,
	19.252933,  47.560839,
	19.253348,  47.560688,
	19.253550,  47.560646,
	19.253899,  47.560616,
	19.254175,  47.560636,
	19.254714,  47.560741,
	19.256027,  47.561086,
	19.256293,  47.561132,
	19.256525,  47.561135,
	19.256650,  47.561118,
	19.256802,  47.561069,
	19.257178,  47.560854,
	19.258677,  47.559683,
	19.258818,  47.559593,
	19.259045,  47.559489,
	19.259189,  47.559458,
	19.259305,  47.559461,
	19.259453,  47.559493,
	19.259710,  47.559590,
	19.260623,  47.560071,
	19.260990,  47.560215,
	19.261258,  47.560255,
	19.261376,  47.560237,
	19.261522,  47.560185,
	19.261752,  47.560065,
	19.262008,  47.559893,
	19.264032,  47.558410,
	19.274830,  47.550632,
	19.275861,  47.549803,
	19.274803,  47.549223,
	19.273642,  47.548507,
	19.273792,  47.548323,
	19.274078,  47.548043,
	19.274234,  47.547927,
	19.274503,  47.547787,
	19.274804,  47.547702,
	19.275422,  47.547632,
	19.276945,  47.547596,
	19.277841,  47.547607,
	19.278135,  47.547631,
	19.280863,  47.548006,
	19.281167,  47.548031,
	19.283946,  47.548018,
	19.285007,  47.548095,
	19.285590,  47.548109,
	19.288245,  47.548076,
	19.288668,  47.548050,
	19.288922,  47.548007,
	19.289306,  47.547904,
	19.290839,  47.547421,
	19.291229,  47.547323,
	19.291822,  47.547258,
	19.293911,  47.547217,
	19.294280,  47.547175,
	19.294796,  47.547081,
	19.295307,  47.546957,
	19.296189,  47.546662,
	19.297844,  47.546038,
	19.301003,  47.544924,
	19.302659,  47.544304,
	19.305438,  47.543327,
	19.308730,  47.542097,
	19.310613,  47.541258,
	19.322275,  47.535923,
	19.323469,  47.535415,
	19.324294,  47.535199,
	19.328990,  47.534277,
	19.330142,  47.533912,
	19.331096,  47.533564,
	19.331922,  47.533219,
	19.335968,  47.531105,
	19.336472,  47.530866,
	19.336723,  47.530785,
	19.336970,  47.530763,
	19.337194,  47.530829,
	19.337367,  47.530936,
	19.338033,  47.531474,
	19.338201,  47.531576,
	19.338308,  47.531613,
	19.338493,  47.531621,
	19.338657,  47.531546,
	19.338771,  47.531392,
	19.338950,  47.530858,
	19.339035,  47.530673,
	19.339146,  47.530500,
	19.339338,  47.530299,
	19.339476,  47.530188,
	19.339625,  47.530093,
	19.339875,  47.529992,
	19.340035,  47.529970,
	19.340158,  47.529981,
	19.340466,  47.530095,
	19.340822,  47.529797,
	19.340990,  47.529594,
	19.341165,  47.529331,
	19.341592,  47.528512,
	19.341771,  47.528080,
	19.341858,  47.527802,
	19.341995,  47.526848,
	19.342002,  47.526795,
	19.342296,  47.523972,
	19.342306,  47.523745,
	19.342308,  47.523726,
	19.342300,  47.523481,
	19.342242,  47.523114,
	19.342184,  47.522957,
	19.342057,  47.522713,
	19.341852,  47.522414,
	19.341852,  47.522413,
	19.341850,  47.522412,
	19.341347,  47.521757,
	19.340495,  47.520763,
	19.339894,  47.520320,
	19.337752,  47.518929,
	19.336489,  47.518074,
	19.336121,  47.517799,
	19.335118,  47.517010,
	19.331222,  47.513694,
	19.330740,  47.513360,
	19.329983,  47.513024,
	19.326500,  47.511833,
	19.325847,  47.511593,
	19.325435,  47.511416,
	19.327540,  47.506959,
	19.327641,  47.506696,
	19.327708,  47.506429,
	19.327719,  47.506259,
	19.327701,  47.506089,
	19.327628,  47.505856,
	19.327550,  47.505709,
	19.327382,  47.505476,
	19.327182,  47.505268,
	19.326655,  47.504827,
	19.325078,  47.503616,
	19.324289,  47.502985,
	19.323854,  47.502600,
	19.323220,  47.501998,
	19.322357,  47.501078,
	19.321812,  47.500531,
	19.320758,  47.499393,
	19.320586,  47.499156,
	19.320443,  47.498883,
	19.320380,  47.498690,
	19.320233,  47.498016,
	19.319771,  47.495338,
	19.319721,  47.494926,
	19.319697,  47.494446,
	19.319724,  47.493827,
	19.320223,  47.489731,
	19.320358,  47.488850,
	19.320501,  47.488435,
	19.320792,  47.487809,
	19.321067,  47.487359,
	19.321223,  47.487180,
	19.321818,  47.486636,
	19.323436,  47.485258,
	19.324011,  47.484695,
	19.324939,  47.483724,
	19.325741,  47.482778,
	19.326742,  47.481695,
	19.327349,  47.480966,
	19.328337,  47.479925,
	19.328808,  47.479481,
	19.329158,  47.479191,
	19.332158,  47.476967,
	19.332648,  47.476568,
	19.333117,  47.476128,
	19.334099,  47.475118,
	19.334474,  47.474691,
	19.334643,  47.474454,
	19.334940,  47.473937,
	19.335354,  47.473059,
	19.335566,  47.472533,
	19.335666,  47.472139,
	19.335750,  47.471627,
	19.336056,  47.469197,
	19.336168,  47.468017,
	19.336159,  47.467151,
	19.336095,  47.465416,
	19.336099,  47.464861,
	19.336178,  47.464348,
	19.336320,  47.463717,
	19.336439,  47.463206,
	19.336626,  47.462558,
	19.336765,  47.462205,
	19.337014,  47.461815,
	19.338768,  47.459813,
	19.339420,  47.459039,
	19.340361,  47.458069,
	19.338715,  47.456881,
	19.336741,  47.455505,
	19.335467,  47.454565,
	19.335012,  47.453746,
	19.334828,  47.453340,
	19.334776,  47.453175,
	19.334746,  47.452930,
	19.334795,  47.452645,
	19.334997,  47.452118,
	19.335414,  47.451234,
	19.336089,  47.449925,
	19.336709,  47.448642,
	19.337181,  47.447742,
	19.337673,  47.446716,
	19.337930,  47.446083,
	19.337975,  47.445922,
	19.338017,  47.445644,
	19.338023,  47.444762,
	19.337629,  47.432520,
	19.337649,  47.431931,
	19.337888,  47.429064,
	19.337888,  47.428483,
	19.337850,  47.428026,
	19.337673,  47.427081,
	19.336808,  47.423129,
	19.336743,  47.422892,
	19.336642,  47.422638,
	19.336431,  47.422226,
	19.336220,  47.421869,
	19.335932,  47.421471,
	19.335404,  47.420841,
	19.335195,  47.420628,
	19.334975,  47.420443,
	19.334716,  47.420268,
	19.334200,  47.419996,
	19.332521,  47.419201,
	19.331448,  47.418645,
	19.330019,  47.417969,
	19.329626,  47.417753,
	19.329433,  47.417605,
	19.329354,  47.417506,
	19.329288,  47.417309,
	19.329311,  47.417040,
	19.329463,  47.416626,
	19.329807,  47.415933,
	19.328312,  47.415026,
	19.323924,  47.412292,
	19.320334,  47.410087,
	19.319411,  47.409485,
	19.317639,  47.407788,
	19.316762,  47.406855,
	19.315291,  47.405425,
	19.314635,  47.404715,
	19.313241,  47.403371,
	19.312376,  47.402451,
	19.310905,  47.401024,
	19.302134,  47.391464,
	19.299931,  47.388813,
	19.297978,  47.386428,
	19.297382,  47.385663,
	19.296615,  47.384550,
	19.294182,  47.380864,
	19.294043,  47.380631,
	19.293926,  47.380379,
	19.293884,  47.380231,
	19.293883,  47.379996,
	19.293925,  47.379847,
	19.294111,  47.379462,
	19.295617,  47.377035,
	19.297425,  47.374180,
	19.298431,  47.372527,
	19.300482,  47.369286,
	19.301488,  47.367633,
	19.304666,  47.362577,
	19.304865,  47.362191,
	19.304918,  47.362017,
	19.304929,  47.361851,
	19.304863,  47.361670,
	19.304775,  47.361573,
	19.304659,  47.361493,
	19.304047,  47.361224,
	19.299620,  47.359579,
	19.297893,  47.358902,
	19.286722,  47.354665,
	19.284995,  47.353989,
	19.281035,  47.352496,
	19.279458,  47.351923,
	19.279281,  47.351987,
	19.278911,  47.352177,
	19.277673,  47.352877,
	19.269327,  47.357742,
	19.263340,  47.361174,
	19.261980,  47.361984,
	19.261161,  47.361032,
	19.259525,  47.359208,
	19.258956,  47.358671,
	19.258373,  47.358204,
	19.254151,  47.355078,
	19.252833,  47.354140,
	19.246286,  47.349993,
	19.244817,  47.349024,
	19.239052,  47.345384,
	19.238121,  47.344774,
	19.236272,  47.343333,
	19.227389,  47.336182,
	19.222532,  47.332014,
	19.221815,  47.331354,
	19.221533,  47.331061,
	19.221366,  47.330848,
	19.221370,  47.330848,
	19.220608,  47.329655,
	19.220374,  47.329342,
	19.219611,  47.329493,
	19.219034,  47.329641,
	19.217173,  47.330183,
	19.216024,  47.330584,
	19.214743,  47.331071,
	19.212336,  47.331918,
	19.210178,  47.332723,
	19.209684,  47.332930,
	19.206262,  47.334516,
	19.205333,  47.334966,
	19.202586,  47.336227,
	19.201805,  47.336612,
	19.201447,  47.336818,
	19.200560,  47.337452,
	19.189641,  47.345661,
	19.186514,  47.348202,
	19.180109,  47.353504,
	19.178595,  47.354737,
	19.177243,  47.355903,
	19.175470,  47.355620,
	19.163552,  47.354057,
	19.160816,  47.353675,
	19.159285,  47.353486,
	19.150472,  47.352310,
	19.148940,  47.352126,
	19.148161,  47.352020,
	19.147273,  47.351859,
	19.146858,  47.351678,
	19.146465,  47.351437,
	19.142359,  47.348654,
	19.138787,  47.346271,
	19.136712,  47.344918,
	19.138301,  47.343510,
	19.146292,  47.336616,
	19.145827,  47.336340,
	19.145539,  47.336124,
	19.145340,  47.335938,
	19.145094,  47.335619,
	19.144839,  47.335204,
	19.143376,  47.332533,
	19.141219,  47.327866,
	19.140536,  47.326460,
	19.139363,  47.324314,
	19.138605,  47.323028,
	19.137573,  47.321153,
	19.136958,  47.320119,
	19.136071,  47.318495,
	19.135772,  47.317996,
	19.135589,  47.317743,
	19.135159,  47.317246,
	19.133407,  47.315442,
	19.132749,  47.314731,
	19.132117,  47.314119,
	19.131351,  47.313448,
	19.129769,  47.312251,
	19.129149,  47.311686,
	19.128609,  47.311085,
	19.124104,  47.305794,
	19.123651,  47.305315,
	19.123317,  47.305050,
	19.122804,  47.304761,
	19.120216,  47.303655,
	19.119161,  47.303126,
	19.120422,  47.302180,
	19.121993,  47.300958,
	19.127274,  47.296795,
	19.127714,  47.296400,
	19.128291,  47.295810,
	19.129847,  47.293986,
	19.127505,  47.291777,
	19.126789,  47.291167,
	19.126169,  47.290755,
	19.122998,  47.288852,
	19.119319,  47.287132,
	19.118669,  47.286849,
	19.117625,  47.286460,
	19.113853,  47.285194,
	19.112818,  47.284811,
	19.112409,  47.284600,
	19.112017,  47.284352,
	19.106985,  47.281006,
	19.105658,  47.280150,
	19.105007,  47.279842,
	19.102243,  47.278776,
	19.101251,  47.278349,
	19.100934,  47.278242,
	19.100770,  47.278215,
	19.099327,  47.278413,
	19.096867,  47.279959,
	19.096680,  47.279783,
	19.062745,  47.297455,
	19.060997,  47.298304,
	19.058314,  47.299693,
	19.057076,  47.300284,
	19.054393,  47.301673,
	19.053155,  47.302264,
	19.050729,  47.303525,
	19.049235,  47.304244,
	19.046809,  47.305505,
	19.045315,  47.306224,
	19.042889,  47.307485,
	19.041396,  47.308205,
	19.038970,  47.309466,
	19.037477,  47.310186,
	19.035051,  47.311447,
	19.033555,  47.312167,
	19.030296,  47.313858,
	19.027294,  47.310995,
	19.024252,  47.308150,
	19.024152,  47.308048,
	19.023639,  47.307961,
	19.023352,  47.307953,
	19.023067,  47.307978,
	19.022618,  47.308091,
	19.022324,  47.308203,
	19.021949,  47.308388,
	19.021721,  47.308536,
	19.021616,  47.308628,
	19.021537,  47.308734,
	19.021484,  47.308925,
	19.021508,  47.309142,
	19.021764,  47.309777,
	19.021828,  47.310018,
	19.021827,  47.310123,
	19.021772,  47.310275,
	19.021691,  47.310363,
	19.021583,  47.310435,
	19.021138,  47.310618,
	19.019747,  47.311078,
	19.019085,  47.311420,
	19.015183,  47.313915,
	19.013569,  47.314986,
	19.011062,  47.316691,
	19.009807,  47.317723,
	19.004806,  47.322129,
	19.004186,  47.322653,
	19.003791,  47.322941,
	19.003553,  47.323078,
	19.002556,  47.323552,
	19.002316,  47.323686,
	19.001938,  47.323936,
	19.001434,  47.324319,
	18.998405,  47.326757,
	18.996551,  47.328219,
	18.996273,  47.328418,
	18.996050,  47.328547,
	18.995661,  47.328704,
	18.995388,  47.328874,
	18.994769,  47.329464,
	18.993749,  47.330567,
	18.993767,  47.330578,
	18.993207,  47.331190,
	18.992132,  47.332374,
	18.991830,  47.332697,
	18.991468,  47.333160,
	18.991261,  47.333631,
	18.991131,  47.334175,
	18.989842,  47.337290,
	18.989108,  47.339171,
	18.989119,  47.339171,
	18.988231,  47.340861,
	18.987589,  47.341925,
	18.987274,  47.342341,
	18.987066,  47.342568,
	18.986689,  47.342919,
	18.986047,  47.343441,
	18.985538,  47.343825,
	18.985162,  47.344077,
	18.983900,  47.344742,
	18.977485,  47.347848,
	18.974673,  47.349236,
	18.973692,  47.349696,
	18.972926,  47.350088,
	18.972438,  47.350370,
	18.972185,  47.350554,
	18.971542,  47.351106,
	18.965819,  47.356331,
	18.965362,  47.356712,
	18.965182,  47.356826,
	18.964929,  47.356912,
	18.964696,  47.356899,
	18.964547,  47.356859,
	18.964179,  47.356715,
	18.962976,  47.356133,
	18.962606,  47.355984,
	18.962346,  47.355917,
	18.962195,  47.355904,
	18.961959,  47.355941,
	18.961705,  47.356032,
	18.961201,  47.356277,
	18.958679,  47.357623,
	18.957398,  47.358351,
	18.954771,  47.359735,
	18.953490,  47.360462,
	18.951223,  47.361657,
	18.950602,  47.361958,
	18.949969,  47.362174,
	18.949064,  47.362390,
	18.946384,  47.362956,
	18.945316,  47.363121,
	18.944671,  47.361984,
	18.942024,  47.357493,
	18.941466,  47.356471,
	18.941354,  47.356221,
	18.941183,  47.355724,
	18.940584,  47.353694,
	18.940377,  47.352942,
	18.940269,  47.352374,
	18.940211,  47.351465,
	18.940019,  47.346582,
	18.940019,  47.345978,
	18.940045,  47.345684,
	18.940095,  47.345432,
	18.940287,  47.344770,
	18.941578,  47.340795,
	18.941734,  47.340216,
	18.941806,  47.339835,
	18.940925,  47.339826,
	18.940104,  47.339759,
	18.939231,  47.339724,
	18.937076,  47.339554,
	18.936245,  47.339520,
	18.935527,  47.339454,
	18.934696,  47.339420,
	18.934003,  47.339354,
	18.933250,  47.339317,
	18.932558,  47.339252,
	18.930178,  47.339117,
	18.929485,  47.339052,
	18.928732,  47.339015,
	18.928039,  47.338949,
	18.927209,  47.338915,
	18.925070,  47.338747,
	18.922691,  47.338613,
	18.920552,  47.338447,
	18.919721,  47.338415,
	18.918272,  47.338307,
	18.918024,  47.338270,
	18.917507,  47.338120,
	18.916589,  47.337758,
	18.914715,  47.336967,
	18.908869,  47.334572,
	18.905696,  47.333228,
	18.905058,  47.333003,
	18.904793,  47.332957,
	18.904568,  47.332978,
	18.904455,  47.333019,
	18.904285,  47.333123,
	18.903844,  47.333527,
	18.901688,  47.335823,
	18.901197,  47.336408,
	18.892126,  47.348727,
	18.887761,  47.340745,
	18.887227,  47.339845,
	18.886314,  47.338604,
	18.881449,  47.332296,
	18.881159,  47.331941,
	18.880848,  47.331612,
	18.880270,  47.331161,
	18.880088,  47.330989,
	18.879934,  47.330767,
	18.879814,  47.330526,
	18.879507,  47.329653,
	18.879374,  47.329145,
	18.879317,  47.328752,
	18.879253,  47.326950,
	18.879309,  47.325897,
	18.879288,  47.324394,
	18.879292,  47.324096,
	18.879348,  47.323336,
	18.879346,  47.322428,
	18.879302,  47.321839,
	18.879245,  47.321573,
	18.879132,  47.321352,
	18.879037,  47.321262,
	18.878921,  47.321189,
	18.878686,  47.321086,
	18.878184,  47.320947,
	18.876232,  47.320553,
	18.872315,  47.319668,
	18.870901,  47.319377,
	18.866986,  47.318490,
	18.865051,  47.318085,
	18.864016,  47.317832,
	18.863503,  47.317658,
	18.862585,  47.317293,
	18.854285,  47.313906,
	18.853303,  47.315126,
	18.849593,  47.319588,
	18.848841,  47.320381,
	18.847905,  47.321223,
	18.843792,  47.324743,
	18.841435,  47.326744,
	18.840872,  47.327170,
	18.839614,  47.328308,
	18.835467,  47.331865,
	18.834723,  47.332450,
	18.833960,  47.332967,
	18.829063,  47.336103,
	18.828211,  47.336607,
	18.825183,  47.338219,
	18.823902,  47.338950,
	18.820571,  47.340686,
	18.822167,  47.341448,
	18.823275,  47.342018,
	18.824438,  47.342573,
	18.825514,  47.343127,
	18.826673,  47.343680,
	18.829720,  47.345218,
	18.830879,  47.345772,
	18.831954,  47.346325,
	18.833113,  47.346878,
	18.833925,  47.347300,
	18.835502,  47.348075,
	18.836270,  47.348523,
	18.842369,  47.352340,
	18.844064,  47.353359,
	18.849368,  47.356681,
	18.850167,  47.357161,
	18.850543,  47.357350,
	18.855250,  47.359536,
	18.857890,  47.361009,
	18.858313,  47.361228,
	18.859217,  47.361590,
	18.861038,  47.362221,
	18.861672,  47.362501,
	18.862608,  47.363098,
	18.868319,  47.366923,
	18.869431,  47.367644,
	18.870031,  47.367965,
	18.871092,  47.368458,
	18.872265,  47.368887,
	18.873643,  47.369346,
	18.874231,  47.369601,
	18.874600,  47.369793,
	18.871838,  47.371702,
	18.870600,  47.372528,
	18.867738,  47.374547,
	18.869712,  47.375902,
	18.870229,  47.376292,
	18.870435,  47.376507,
	18.870500,  47.376611,
	18.870548,  47.376786,
	18.870540,  47.376928,
	18.870465,  47.377178,
	18.870089,  47.377930,
	18.869052,  47.379763,
	18.868152,  47.381417,
	18.866976,  47.383515,
	18.866852,  47.383773,
	18.866761,  47.384007,
	18.866728,  47.384150,
	18.866724,  47.384247,
	18.866774,  47.384422,
	18.866865,  47.384522,
	18.866991,  47.384600,
	18.867104,  47.384649,
	18.867447,  47.384742,
	18.873925,  47.386107,
	18.874205,  47.386206,
	18.874333,  47.386285,
	18.874426,  47.386385,
	18.874481,  47.386560,
	18.874454,  47.386800,
	18.874320,  47.387160,
	18.873540,  47.388615,
	18.872796,  47.390063,
	18.872414,  47.390915,
	18.872069,  47.391856,
	18.871174,  47.392673,
	18.870360,  47.393491,
	18.868866,  47.394924,
	18.868647,  47.395095,
	18.868261,  47.395300,
	18.868030,  47.395364,
	18.867789,  47.395399,
	18.867006,  47.395451,
	18.866637,  47.395496,
	18.866132,  47.395609,
	18.860139,  47.397307,
	18.858482,  47.397714,
	18.854969,  47.398518,
	18.853958,  47.398784,
	18.853810,  47.398848,
	18.852885,  47.398991,
	18.852591,  47.399076,
	18.852360,  47.399174,
	18.852173,  47.399313,
	18.852056,  47.399505,
	18.851990,  47.399770,
	18.851964,  47.400360,
	18.851984,  47.400971,
	18.852032,  47.402015,
	18.852109,  47.402647,
	18.853246,  47.408369,
	18.854276,  47.413353,
	18.854433,  47.414238,
	18.854455,  47.414478,
	18.854440,  47.414838,
	18.854403,  47.414993,
	18.854301,  47.415250,
	18.854079,  47.415644,
	18.848257,  47.424566,
	18.848075,  47.424949,
	18.848044,  47.425084,
	18.848048,  47.425223,
	18.848096,  47.425348,
	18.848193,  47.425458,
	18.848421,  47.425602,
	18.848674,  47.425719,
	18.853256,  47.427563,
	18.861265,  47.430868,
	18.861824,  47.431133,
	18.862390,  47.431443,
	18.862669,  47.431641,
	18.863059,  47.431974,
	18.863211,  47.431912,
	18.864124,  47.433384,
	18.864304,  47.433574,
	18.864482,  47.433814,
	18.864649,  47.434087,
	18.864788,  47.434372,
	18.864883,  47.434659,
	18.864909,  47.434804,
	18.864931,  47.435321,
	18.864854,  47.435982,
	18.864756,  47.436435,
	18.864652,  47.436736,
	18.864510,  47.436983,
	18.864334,  47.437200,
	18.863949,  47.437558,
	18.863342,  47.437990,
	18.861474,  47.439187,
	18.861063,  47.439403,
	18.860809,  47.439498,
	18.860326,  47.439589,
	18.858681,  47.439794,
	18.857651,  47.439952,
	18.857263,  47.440058,
	18.856360,  47.440373,
	18.855983,  47.440476,
	18.855739,  47.440514,
	18.855114,  47.440553,
	18.854968,  47.440602,
	18.854716,  47.440741,
	18.854098,  47.441232,
	18.843561,  47.450427,
	18.846196,  47.452275,
	18.851106,  47.455654,
	18.851505,  47.455952,
	18.851786,  47.456229,
	18.851890,  47.456437,
	18.851895,  47.456601,
	18.851850,  47.456771,
	18.851697,  47.457060,
	18.851432,  47.457437,
	18.851117,  47.457803,
	18.850702,  47.458174,
	18.850278,  47.458479,
	18.849751,  47.458795,
	18.850788,  47.459473,
	18.854420,  47.461669,
	18.854725,  47.461938,
	18.854814,  47.462119,
	18.854795,  47.462329,
	18.854698,  47.462532,
	18.854478,  47.462848,
	18.853285,  47.464286,
	18.852859,  47.464726,
	18.852479,  47.465021,
	18.851982,  47.465310,
	18.851361,  47.465621,
	18.850471,  47.466022,
	18.849826,  47.466356,
	18.849608,  47.466510,
	18.849520,  47.466623,
	18.849485,  47.466752,
	18.849496,  47.466893,
	18.849544,  47.467029,
	18.849671,  47.467266,
	18.849988,  47.467772,
	18.850099,  47.468052,
	18.850089,  47.468260,
	18.849889,  47.468731,
	18.849866,  47.468843,
	18.849878,  47.469061,
	18.849955,  47.469313,
	18.850284,  47.469968,
	18.850973,  47.471113,
	18.851309,  47.471734,
	18.851616,  47.472398,
	18.851764,  47.472848,
	18.851836,  47.472941,
	18.851945,  47.472987,
	18.852082,  47.472995,
	18.852543,  47.472915,
	18.853687,  47.472619,
	18.854324,  47.472413,
	18.854969,  47.472160,
	18.857859,  47.470941,
	18.858489,  47.470668,
	18.858936,  47.470445,
	18.859259,  47.470241,
	18.859996,  47.469703,
	18.862386,  47.467901,
	18.865859,  47.465322,
	18.866859,  47.464548,
	18.867398,  47.464044,
	18.867920,  47.463487,
	18.868901,  47.462319,
	18.869367,  47.461693,
	18.869599,  47.461294,
	18.870778,  47.459102,
	18.872832,  47.455207,
	18.873116,  47.454742,
	18.873213,  47.454625,
	18.873384,  47.454491,
	18.873524,  47.454457,
	18.873658,  47.454473,
	18.873913,  47.454577,
	18.874178,  47.454731,
	18.877609,  47.457002,
	18.878396,  47.457571,
	18.879103,  47.458169,
	18.881541,  47.460456,
	18.882950,  47.461800,
	18.883119,  47.461979,
	18.883155,  47.462045,
	18.883727,  47.462422,
	18.884255,  47.462861,
	18.884476,  47.463092,
	18.884654,  47.463347,
	18.884733,  47.463576,
	18.884740,  47.463956,
	18.884616,  47.464850,
	18.884615,  47.465098,
	18.884656,  47.465339,
	18.884880,  47.466036,
	18.884926,  47.466271,
	18.884944,  47.466757,
	18.884864,  47.467525,
	18.884616,  47.469217,
	18.884564,  47.469964,
	18.884597,  47.470235,
	18.884695,  47.470465,
	18.884776,  47.470556,
	18.885031,  47.470772,
	18.885101,  47.470860,
	18.885147,  47.470983,
	18.885152,  47.471120,
	18.885130,  47.471226,
	18.885076,  47.471362,
	18.884939,  47.471590,
	18.884581,  47.472013,
	18.883408,  47.473244,
	18.882608,  47.474194,
	18.881991,  47.474874,
	18.881344,  47.475555,
	18.880889,  47.475959,
	18.880636,  47.476106,
	18.880352,  47.476190,
	18.879316,  47.476311,
	18.879049,  47.476388,
	18.878789,  47.476492,
	18.877663,  47.477018,
	18.870295,  47.480606,
	18.868666,  47.481340,
	18.865098,  47.486174,
	18.865358,  47.486296,
	18.864939,  47.487045,
	18.863794,  47.488968,
	18.862851,  47.490543,
	18.862559,  47.490976,
	18.854384,  47.499576,
	18.854943,  47.499871,
	18.856216,  47.500498,
	18.856481,  47.500648,
	18.856892,  47.500936,
	18.858032,  47.501948,
	18.858970,  47.502739,
	18.859784,  47.503471,
	18.860723,  47.504259,
	18.861627,  47.505074,
	18.862584,  47.505871,
	18.863438,  47.506668,
	18.863634,  47.506885,
	18.863807,  47.507127,
	18.864001,  47.507499,
	18.864739,  47.509657,
	18.864826,  47.509887,
	18.865005,  47.510233,
	18.865137,  47.510400,
	18.865394,  47.510613,
	18.865927,  47.510949,
	18.866828,  47.511467,
	18.867072,  47.511628,
	18.867239,  47.511765,
	18.867382,  47.511923,
	18.867547,  47.512156,
	18.867840,  47.512651,
	18.868388,  47.513668,
	18.868612,  47.514199,
	18.868674,  47.514475,
	18.868710,  47.514763,
	18.868770,  47.515951,
	18.868767,  47.516541,
	18.868740,  47.516828,
	18.868689,  47.517080,
	18.868384,  47.518003,
	18.866177,  47.523913,
	18.865885,  47.524754,
	18.865694,  47.525457,
	18.864250,  47.531857,
	18.864184,  47.532372,
	18.864197,  47.533470,
	18.864185,  47.533740,
	18.864148,  47.534002,
	18.863969,  47.534538,
	18.862604,  47.537648,
	18.862505,  47.537908,
	18.862435,  47.538172,
	18.862418,  47.538522,
	18.862591,  47.539312,
	18.862664,  47.539895,
	18.862682,  47.540485,
	18.862665,  47.540775,
	18.862616,  47.541054,
	18.862565,  47.541216,
	18.862273,  47.541871,
	18.862198,  47.542101,
	18.862185,  47.542240,
	18.862229,  47.542409,
	18.862377,  47.542602,
	18.862601,  47.542792,
	18.863388,  47.543359,
	18.863965,  47.543844,
	18.864858,  47.544677,
	18.865060,  47.544891,
	18.865245,  47.545124,
	18.865414,  47.545391,
	18.865587,  47.545756,
	18.866497,  47.548166,
	18.866763,  47.548741,
	18.866879,  47.548929,
	18.867072,  47.549181,
	18.867294,  47.549410,
	18.868331,  47.550281,
	18.870157,  47.551967,
	18.870452,  47.552304,
	18.870625,  47.552577,
	18.870754,  47.552937,
	18.870907,  47.553702,
	18.871109,  47.555099,
	18.871104,  47.555577,
	18.871080,  47.555702,
	18.870965,  47.555977,
	18.870720,  47.556317,
	18.870300,  47.556800,
	18.870022,  47.557177,
	18.869803,  47.557545,
	18.869295,  47.558558,
	18.869059,  47.558867,
	18.868871,  47.559003,
	18.868636,  47.559119,
	18.867540,  47.559535,
	18.866261,  47.560180,
	18.865518,  47.560591,
	18.865290,  47.560753,
	18.865126,  47.560909,
	18.864983,  47.561097,
	18.864697,  47.561577,
	18.862675,  47.565200,
	18.862389,  47.565620,
	18.862239,  47.565779,
	18.861897,  47.566071,
	18.861396,  47.566456,
	18.857528,  47.569255,
	18.854634,  47.572789,
	18.853341,  47.574410,
	18.852928,  47.574872,
	18.852475,  47.575455,
	18.850627,  47.577673,
	18.850128,  47.578234,
	18.849698,  47.578775,
	18.847384,  47.581257,
	18.846394,  47.582421,
	18.844194,  47.584765,
	18.843206,  47.585928,
	18.840756,  47.588523,
	18.840381,  47.588839,
	18.839998,  47.589086,
	18.837886,  47.590203,
	18.837495,  47.590431,
	18.837147,  47.590677,
	18.836491,  47.591303,
	18.834492,  47.593431,
	18.833790,  47.594212,
	18.833469,  47.594636,
	18.833474,  47.595250,
	18.833399,  47.595554,
	18.833213,  47.595999,
	18.833069,  47.596262,
	18.832810,  47.596641,
	18.831975,  47.597705,
	18.831818,  47.597970,
	18.831765,  47.598129,
	18.831750,  47.598432,
	18.831803,  47.598792,
	18.832026,  47.599475,
	18.832752,  47.599774,
	18.836683,  47.601275,
	18.838951,  47.602112,
	18.839666,  47.602298,
	18.841863,  47.602773,
	18.842753,  47.602944,
	18.843344,  47.603018,
	18.844297,  47.603016,
	18.844926,  47.602960,
	18.846582,  47.602676,
	18.849144,  47.602197,
	18.850342,  47.602025,
	18.851277,  47.601987,
	18.859274,  47.601855,
	18.859609,  47.601591,
	18.859901,  47.601451,
	18.860233,  47.601390,
	18.860430,  47.601386,
	18.861242,  47.601463,
	18.863609,  47.601849,
	18.864102,  47.601875,
	18.864373,  47.601859,
	18.864881,  47.601756,
	18.867405,  47.601031,
	18.867676,  47.600972,
	18.868239,  47.600912,
	18.870538,  47.600876,
	18.871568,  47.600951,
	18.873706,  47.600946,
	18.875076,  47.601031,
	18.876915,  47.601013,
	18.877652,  47.600976,
	18.878168,  47.600854,
	18.879302,  47.600451,
	18.879571,  47.600381,
	18.879841,  47.600337,
	18.880668,  47.600268,
	18.881377,  47.600178,
	18.882200,  47.600117,
	18.882908,  47.600025,
	18.883732,  47.599962,
	18.884440,  47.599871,
	18.885264,  47.599810,
	18.886795,  47.599645,
	18.887058,  47.599588,
	18.887311,  47.599494,
	18.888353,  47.598914,
	18.888613,  47.598787,
	18.888865,  47.598692,
	18.889142,  47.598629,
	18.889878,  47.598513,
	18.891764,  47.598286,
	18.893164,  47.598087,
	18.893580,  47.597980,
	18.894532,  47.597684,
	18.895341,  47.597406,
	18.895503,  47.597321,
	18.895528,  47.597722,
	18.895582,  47.597990,
	18.895658,  47.598214,
	18.895759,  47.598426,
	18.895938,  47.598697,
	18.896148,  47.598926,
	18.896553,  47.599246,
	18.897065,  47.599527,
	18.897861,  47.599903,
	18.898395,  47.600128,
	18.898670,  47.600220,
	18.898922,  47.600276,
	18.899209,  47.600309,
	18.900386,  47.600356,
	18.900669,  47.600408,
	18.900926,  47.600502,
	18.901351,  47.600750,
	18.902945,  47.601915,
	18.903609,  47.602330,
	18.904650,  47.602837,
	18.905809,  47.603363,
	18.906341,  47.603564,
	18.907060,  47.603751,
	18.907237,  47.603845,
	18.907429,  47.604024,
	18.907882,  47.604668,
	18.908077,  47.604880,
	18.908477,  47.605229,
	18.908843,  47.605464,
	18.910032,  47.606057,
	18.910363,  47.606265,
	18.910550,  47.606448,
	18.910655,  47.606620,
	18.910842,  47.607172,
	18.910954,  47.607429,
	18.911461,  47.608256,
	18.911651,  47.608654,
	18.911881,  47.609582,
	18.912170,  47.611009,
	18.913170,  47.610780,
	18.913453,  47.610738,
	18.913726,  47.610729,
	18.914122,  47.610799,
	18.914837,  47.611043,
	18.915113,  47.611112,
	18.915732,  47.611144,
	18.916230,  47.611118,
	18.916890,  47.611029,
	18.917636,  47.610963,
	18.919281,  47.610768,
	18.920314,  47.610521,
	18.922220,  47.609959,
	18.922722,  47.609850,
	18.922977,  47.609829,
	18.923194,  47.609860,
	18.923349,  47.609929,
	18.923538,  47.610086,
	18.923714,  47.610303,
	18.924038,  47.610768,
	18.924144,  47.610890,
	18.924332,  47.611044,
	18.924486,  47.611107,
	18.924591,  47.611125,
	18.924839,  47.611118,
	18.925070,  47.611080,
	18.925451,  47.610977,
	18.925953,  47.610815,
	18.926326,  47.610665,
	18.926573,  47.610539,
	18.926960,  47.610304,
	18.928109,  47.609557,
	18.928725,  47.609244,
	18.929098,  47.609102,
	18.931005,  47.608472,
	18.932278,  47.608094,
	18.933708,  47.607899,
	18.934270,  47.607867,
	18.934826,  47.607861,
	18.935322,  47.607899,
	18.939208,  47.608514,
	18.940756,  47.608735,
	18.941333,  47.608766,
	18.941917,  47.608764,
	18.943967,  47.608728,
	18.944545,  47.608693,
	18.944827,  47.608650,
	18.945097,  47.608583,
	18.945597,  47.608424,
	18.950413,  47.606690,
	18.950791,  47.606578,
	18.951159,  47.606529,
	18.951268,  47.606539,
	18.951458,  47.606599,
	18.951677,  47.606748,
	18.951914,  47.606986,
	18.952211,  47.607354,
	18.954397,  47.610248,
	18.954802,  47.610763,
	18.955118,  47.611123,
	18.955506,  47.611501,
	18.955992,  47.611921,
	18.957008,  47.612718,
	18.957841,  47.613340,
	18.958319,  47.612955,
	18.960066,  47.611448,
	18.960706,  47.610953,
	18.961193,  47.610672,
	18.962205,  47.610146,
	18.965828,  47.608375,
	18.966587,  47.607980,
	18.967072,  47.607698,
	18.967323,  47.607513,
	18.967677,  47.607204,
	18.969780,  47.605250,
	18.970210,  47.604914,
	18.970694,  47.604632,
	18.971704,  47.604105,
	18.973187,  47.603386,
	18.974600,  47.602659,
	18.975831,  47.602070,
	18.976842,  47.601545,
	18.977328,  47.601264,
	18.977962,  47.600772,
	18.980825,  47.598308,
	18.981567,  47.597730,
	18.982579,  47.597096,
	18.987311,  47.594253,
	18.988059,  47.593690,
	18.989451,  47.592552,
	18.989965,  47.592195,
	18.990450,  47.591967,
	18.990825,  47.591824,
	18.991975,  47.591426,
	18.993020,  47.591093,
	18.994618,  47.590529,
	18.995522,  47.592132,
	18.995782,  47.592541,
	18.996545,  47.593548,
	18.998277,  47.595702,
	18.998626,  47.596232,
	18.998777,  47.596585,
	18.998936,  47.597087,
	18.999754,  47.600158,
	18.999924,  47.600650,
	19.000028,  47.600865,
	19.000154,  47.601039,
	19.000309,  47.601191,
	19.000528,  47.601360,
	19.002384,  47.602580,
	19.002792,  47.602887,
	19.003171,  47.603215,
	19.003831,  47.603909,
	19.005303,  47.605545,
	19.005956,  47.606306,
	19.006579,  47.607183,
	19.009548,  47.611617,
	19.009694,  47.611886,
	19.009809,  47.612150,
	19.010005,  47.612828,
	19.010134,  47.613380,
	19.010322,  47.613992,
	19.001437,  47.617753,
	19.000667,  47.618116,
	19.000422,  47.618271,
	19.000045,  47.618587,
	18.999488,  47.619187,
	18.998696,  47.620139,
	18.998362,  47.620470,
	18.997935,  47.620799,
	18.997331,  47.621111,
	18.993568,  47.622751,
	18.992171,  47.623392,
	18.991276,  47.623886,
	18.988771,  47.625328,
	18.988427,  47.625543,
	18.988048,  47.625838,
	18.986290,  47.627484,
	18.985917,  47.627799,
	18.985423,  47.628138,
	18.984439,  47.628716,
	18.984041,  47.628912,
	18.983294,  47.629199,
	18.981774,  47.629729,
	18.980377,  47.630186,
	18.978730,  47.630770,
	18.977980,  47.631060,
	18.979325,  47.631521,
	18.980035,  47.631819,
	18.980855,  47.632216,
	18.981515,  47.632571,
	18.981890,  47.632815,
	18.982053,  47.632975,
	18.982165,  47.633174,
	18.982238,  47.633435,
	18.982276,  47.633718,
	18.982292,  47.634303,
	18.982269,  47.634593,
	18.982211,  47.634871,
	18.982151,  47.635031,
	18.981936,  47.635425,
	18.981292,  47.636346,
	18.981140,  47.636608,
	18.981037,  47.636881,
	18.981005,  47.637201,
	18.981034,  47.637603,
	18.981129,  47.638120,
	18.981563,  47.640299,
	18.981817,  47.641688,
	18.981983,  47.642352,
	18.982057,  47.642535,
	18.982172,  47.642713,
	18.982321,  47.642868,
	18.982684,  47.643136,
	18.983089,  47.643362,
	18.983355,  47.643471,
	18.983893,  47.643615,
	18.985179,  47.643863,
	18.985641,  47.643926,
	18.985877,  47.643773,
	18.986090,  47.643548,
	18.986177,  47.643337,
	18.986178,  47.643122,
	18.986086,  47.642896,
	18.985921,  47.642698,
	18.985330,  47.642214,
	18.985079,  47.641951,
	18.984998,  47.641747,
	18.985003,  47.641508,
	18.985160,  47.640999,
	18.985754,  47.639578,
	18.986021,  47.639078,
	18.986175,  47.638869,
	18.986362,  47.638689,
	18.986589,  47.638523,
	18.986976,  47.638294,
	18.987493,  47.638038,
	18.987985,  47.637832,
	18.989122,  47.637429,
	18.990125,  47.637109,
	18.992287,  47.636358,
	18.993292,  47.636034,
	18.994253,  47.635676,
	18.995121,  47.635265,
	18.996451,  47.634550,
	18.994035,  47.632717,
	18.993501,  47.632291,
	18.993247,  47.632027,
	18.993178,  47.631895,
	18.993167,  47.631806,
	18.993196,  47.631703,
	18.993263,  47.631606,
	18.993485,  47.631427,
	18.993721,  47.631288,
	18.994595,  47.630831,
	18.995636,  47.630243,
	18.996998,  47.629513,
	18.998524,  47.628636,
	18.999026,  47.628374,
	18.999382,  47.628221,
	18.999528,  47.628176,
	18.999762,  47.628155,
	18.999910,  47.628184,
	19.000144,  47.628283,
	19.000290,  47.628369,
	19.001102,  47.628903,
	19.001335,  47.628997,
	19.001480,  47.629022,
	19.001595,  47.629014,
	19.001740,  47.628977,
	19.001970,  47.628878,
	19.002364,  47.628650,
	19.005967,  47.626261,
	19.007368,  47.625364,
	19.009611,  47.624176,
	19.010006,  47.624024,
	19.010247,  47.624000,
	19.010457,  47.624069,
	19.010645,  47.624218,
	19.010756,  47.624337,
	19.011007,  47.624697,
	19.011086,  47.624850,
	19.011173,  47.625094,
	19.011228,  47.625369,
	19.011321,  47.626207,
	19.011381,  47.626468,
	19.011441,  47.626626,
	19.011703,  47.627128,
	19.011955,  47.627527,
	19.012219,  47.627882,
	19.012451,  47.628112,
	19.012629,  47.628219,
	19.012850,  47.628298,
	19.013356,  47.628413,
	19.015157,  47.628685,
	19.015674,  47.628789,
	19.016037,  47.628907,
	19.016310,  47.629059,
	19.016525,  47.629216,
	19.016932,  47.629574,
	19.017324,  47.629979,
	19.017506,  47.630212,
	19.017756,  47.630610,
	19.018190,  47.631489,
	19.018384,  47.631841,
	19.018538,  47.632070,
	19.018701,  47.632241,
	19.018919,  47.632375,
	19.019417,  47.632603,
	19.019587,  47.632711,
	19.020176,  47.633172,
	19.020492,  47.633323,
	19.020728,  47.633376,
	19.021220,  47.633400,
	19.021713,  47.633358,
	19.023537,  47.633129,
	19.024033,  47.633102,
	19.024518,  47.633119,
	19.024918,  47.633208,
	19.026134,  47.633728,
	19.026646,  47.633886,
	19.026917,  47.633927,
	19.027470,  47.633949,
	19.028148,  47.633905,
	19.028520,  47.633807,
	19.029298,  47.633480,
	19.035715,  47.630532,
	19.036227,  47.630348,
	19.036473,  47.630325,
	19.036695,  47.630390,
	19.036867,  47.630495,
	19.037465,  47.631000,
	19.037851,  47.631274,
	19.037971,  47.631325,
	19.038198,  47.631374,
	19.038434,  47.631379,
	19.038703,  47.631348,
	19.040105,  47.631095,
	19.040495,  47.631104,
	19.040676,  47.631155,
	19.040898,  47.631289,
	19.041088,  47.631488,
	19.041477,  47.632029,
	19.041936,  47.632502,
	19.043492,  47.633815,
	19.042782,  47.634480,
	19.041265,  47.635715,
	19.040806,  47.636126,
	19.041634,  47.636748,
	19.042912,  47.637644,
	19.043422,  47.637946,
	19.043566,  47.638004,
	19.043781,  47.638032,
	19.043931,  47.637975,
	19.044016,  47.637889,
	19.044131,  47.637678,
	19.044353,  47.637053,
	19.044725,  47.635887,
	19.044908,  47.635494,
	19.045090,  47.635200,
	19.045349,  47.634868,
	19.045458,  47.634768,
	19.045634,  47.634653,
	19.045753,  47.634601,
	19.045982,  47.634547,
	19.046222,  47.634529,
	19.047126,  47.634618,
	19.048445,  47.634799,
	19.049303,  47.634889,
	19.051275,  47.635138,
	19.052133,  47.635225,
	19.054105,  47.635472,
	19.054962,  47.635560,
	19.056934,  47.635807,
	19.057791,  47.635895,
	19.059763,  47.636143,
	19.063454,  47.636569,
	19.065445,  47.636833,
	19.065664,  47.636848,
	19.065864,  47.636832,
	19.065989,  47.636764,
	19.066008,  47.636662,
	19.065974,  47.636528,
	19.065850,  47.636290,
	19.065595,  47.635920,
	19.063498,  47.633122,
	19.063245,  47.632749,
	19.063168,  47.632608,
	19.063099,  47.632395,
	19.063119,  47.632224,
	19.063199,  47.632128,
	19.063322,  47.632050,
	19.063547,  47.631956,
	19.064168,  47.631802,
	19.066466,  47.631322,
	19.072503,  47.630007,
	19.073418,  47.629824,
	19.074148,  47.629715,
	19.077823,  47.629143,
	19.077863,  47.629181,
	19.081189,  47.628793,
	19.083059,  47.628548,
	19.083615,  47.628496,
	19.086764,  47.628104,
	19.087345,  47.628073,
	19.089116,  47.628039,
	19.089703,  47.628039,
	19.090277,  47.628075,
	19.093653,  47.628524,
	19.095465,  47.628806,
	19.095878,  47.628915,
	19.096107,  47.629000,
	19.096370,  47.628408,
	19.096577,  47.627816,
	19.096670,  47.627389,
	19.096710,  47.626759,
	19.096655,  47.624600,
	19.096617,  47.623997,
	19.096575,  47.623704,
	19.096498,  47.623424,
	19.096429,  47.623267,
	19.096293,  47.623028,
	19.096110,  47.622770,
	19.092838,  47.618986,
	19.092051,  47.618128,
	19.091696,  47.617827,
	19.091333,  47.617592,
	19.087812,  47.615846,
	19.087410,  47.615612,
	19.087045,  47.615342,
	19.086143,  47.614483,
	19.084289,  47.612513,
	19.083615,  47.611837,
	19.081685,  47.609799,
	19.080728,  47.608865,
	19.080171,  47.608214,
	19.078690,  47.606592,
	19.078167,  47.605957,
	19.077099,  47.604304,
	19.076555,  47.603419,
	19.076273,  47.602903,
	19.076162,  47.602652,
	19.075999,  47.602154,
	19.074803,  47.597579,
	19.074660,  47.596945,
	19.074594,  47.596429,
	19.074559,  47.595351,
	19.074564,  47.594813,
	19.074625,  47.593788,
	19.074591,  47.592579,
	19.074523,  47.591982,
	19.074396,  47.591469,
	19.074307,  47.591205,
	19.074152,  47.590853,
	19.073989,  47.590609,
	19.073664,  47.590265,
	19.072780,  47.589538,
	19.071336,  47.588414,
	19.072378,  47.588184,
	19.075242,  47.587395,
	19.076705,  47.586949,
	19.078044,  47.588580,
	19.079324,  47.590221,
	19.084834,  47.597147,
	19.085960,  47.598411,
	19.091009,  47.603932,
	19.091639,  47.604544,
	19.092289,  47.605127,
	19.103753,  47.614705,
	19.107627,  47.619003,
	19.108948,  47.620518,
	19.109555,  47.621397,
	19.110918,  47.623547,
	19.111387,  47.624440,
	19.112775,  47.627350,
	19.113319,  47.628543,
	19.113689,  47.629622,
	19.114576,  47.632542,
	19.114783,  47.633159,
	19.115002,  47.633682,
	19.116777,  47.636979,
	19.117527,  47.638474,
	19.119113,  47.641407,
	19.119863,  47.642902,
	19.121454,  47.645833,
	19.121754,  47.646466,
	19.121897,  47.646902,
	19.122167,  47.647987,
	19.122394,  47.648991,
	19.122490,  47.649549,
	19.122543,  47.650422,
	19.122642,  47.653349,
	19.122641,  47.653925,
	19.122587,  47.654664,
	19.122586,  47.655251,
	19.122707,  47.658949,
	19.122735,  47.659335,
	19.122962,  47.660977,
	19.123176,  47.662270,
	19.123628,  47.665306,
	19.123805,  47.666321,
	19.124159,  47.667481,
	19.125505,  47.671403,
	19.125651,  47.671777,
	19.125906,  47.672286,
	19.127766,  47.675747,
	19.127976,  47.676084,
	19.128074,  47.676205,
	19.128235,  47.676348,
	19.128432,  47.676422,
	19.128537,  47.676433,
	19.128898,  47.676381,
	19.129275,  47.676267,
	19.133833,  47.674636,
	19.135862,  47.673878,
	19.146212,  47.670225,
	19.148241,  47.669465,
	19.153665,  47.667550,
	19.155430,  47.666877,
	19.157967,  47.665872,
	19.173365,  47.659881,
	19.177271,  47.658493,
	19.178924,  47.657869,
	19.182476,  47.656630,
	19.184361,  47.655872,
]

