0.6972679625162651	0.9483684783153173
0.6936557281227373	0.9502711006765296
0.6868473470886106	0.9533836467916312
0.6836791886125769	0.954949451197329
0.6761923706545547	0.9584361152692555
0.6466790848859116	0.9734793566086816
0.6418171853193612	0.9760031524213354
0.6384330482244773	0.9776942168265055
0.6280380221705282	0.982503788797868
0.6241488563201578	0.9844110528552494
0.604310553006965	0.9935840275940833
0.6004213793872927	0.9954888964317385
0.5916864657202664	0.9995834466444827
0.5909643967080949	0.9998704452227422
0.5902720140843006	1.0
0.5900705334131144	0.9999748188029879
0.5896933181186287	0.999787975330756
0.5893845761436776	0.9994298176752283
0.5891963254562362	0.9991237983111805
0.588793354203372	0.9982797235853034
0.5852282772744405	0.9895881830263175
0.5847396839877359	0.9883103502278395
0.5844601156697463	0.987370109621391
0.581880705795508	0.977520209491965
0.5812017469010047	0.9746080151639852
0.5808619938490348	0.972058812902733
0.579996970230313	0.9644359998539326
0.5795852184021886	0.9611872596088646
0.5791501677440074	0.9570652795024611
0.5790975813671622	0.9560961609992126
0.5788662431444667	0.9468085734026073
0.5788665739882307	0.9453348988686014
0.5789707035905362	0.9434801746294089
0.5789720822837231	0.942031768717634
0.5787823950617671	0.9346831999863773
0.5786811961600213	0.932491681559544
0.5784969555338765	0.9310880767484503
0.5780620596926943	0.9285683507677994
0.5775442587804894	0.9258441252232593
0.5772708949206536	0.9247488244989533
0.5766956047175764	0.9231595238360708
0.5736458145044384	0.9157993985372351
0.5722094336068251	0.912045219969418
0.5691681329370896	0.9046782585345138
0.5677315706553261	0.9009241023594635
0.5643299597737357	0.8926461954825416
0.5639091799946103	0.8913332758382746
0.5635129606046314	0.8897824672298118
0.5618133467762995	0.8824489818586528
0.5611028198881568	0.8797400303812086
0.5600602744198931	0.8767448979045378
0.5574001111040154	0.8694377418660154
0.5565017825490425	0.8671940837076305
0.553889664422463	0.8617946337316693
0.5527263551496547	0.8595885409995361
0.5501936344343543	0.8557834535987817
0.5427691719279949	0.8449899320018668
0.5207955209486724	0.8209376355970207
0.5195500447257457	0.8194744271740114
0.5183427922849038	0.8179385861716719
0.5086661380440984	0.8040733836472465
0.5065065619288848	0.8008997124345235
0.49594694289255714	0.7835058821835722
0.49349336006822486	0.7793861021353263
0.4909255800696359	0.7752894714055737
0.48812200175143594	0.7764103018234635
0.4826333777143636	0.7783922385686196
0.4806357707746606	0.7789682490959737
0.48340430448337746	0.7817923384789666
0.48509763641038645	0.7836177086803104
0.48572024277448966	0.7844804122604359
0.4860330051553946	0.7850933246539125
0.48633020639213725	0.7859783554144215
0.4865001833292481	0.7866400669500814
0.4867445435217886	0.7879298294664476
0.4868740917031583	0.7894273433173712
0.4869399138681825	0.7924630801221724
0.48682323199725774	0.7950374960575722
0.48681299804660927	0.7963889518794044
0.4868812203911541	0.7990960041609185
0.4870070688214603	0.8003923055364226
0.48728056220690547	0.8019839567781257
0.48957333066215675	0.8134723843789525
0.4898859270218856	0.8147228717465831
0.4900988979348875	0.8153533171437595
0.49063850864575326	0.8166500603245213
0.4916816196446588	0.8188727299637901
0.4937283832163397	0.8230217428370867
0.4947313188733281	0.824618084745642
0.49757054049086613	0.8286902536780251
0.4986381420020355	0.8303246069489337
0.5004711387209881	0.832671980210053
0.5041699255912145	0.8377878457426537
0.5054632772247923	0.8394852071060248
0.5090155464199637	0.8444341458632736
0.5107451850117938	0.8465911204645679
0.5114447513210942	0.8472687182515145
0.5122154434783077	0.8478550506180437
0.5189630962720659	0.8522406168246267
0.5196594353632212	0.8528294333352916
0.5203402882258914	0.853586697791755
0.5218482333213511	0.8557418435709512
0.5281185825211311	0.8652446365215201
0.5284707679966075	0.8658919295051186
0.5287315432391064	0.8664919542144202
0.5288640073264329	0.8668862488672733
0.5290101773152848	0.8675888538008697
0.5290904901895599	0.8683243691932663
0.5291642434561796	0.8698398156486148
0.5292703539384239	0.875260729294177
0.5291921473247087	0.8768423869405132
0.5290137397388897	0.8779157434116767
0.5286178307849292	0.8794016197907083
0.528113701510849	0.8808887892900117
0.5276753186665765	0.8806739999867604
0.5268827867398951	0.8804012446667198
0.5234100319889174	0.8796928388827446
0.516940522908933	0.8785664067997174
0.5158399174191798	0.8784758994832359
0.5147146557039587	0.878474907600172
0.5113199632483416	0.8785593602382595
0.5102058387556002	0.8786377171455894
0.5041716142011368	0.879622851018176
0.5031049252178781	0.8797539725149564
0.49952170663169165	0.8803678319152105
0.49314575095014973	0.8813436825556031
0.493068525071567	0.8812480346091426
0.4860253983145512	0.8826823947078241
0.48462556224963654	0.882956239614851
0.4828727792525291	0.8834162377498174
0.47130183135552084	0.8867194545534999
0.46689710336792517	0.8879240203910989
0.46570689328518655	0.888311676671148
0.4652749841769304	0.8885467719600769
0.4650403527791932	0.8887425331983783
0.46488585229004153	0.8889851113092824
0.4648473858579317	0.8894130592885581
0.4649808386382001	0.889948832528828
0.4651274282463834	0.890302583576791
0.4656120980909107	0.8912395146446676
0.46963149055038617	0.8982656787754614
0.47012034724727586	0.8991950485906003
0.47035952433495576	0.8997935104017017
0.4704246886211528	0.9001288337125728
0.4703871306323044	0.9003852189939586
0.4701471394904201	0.9005566795802256
0.46976530057661325	0.9005957556490641
0.46934529466015923	0.9005575863867855
0.4655291833556932	0.8998943728805151
0.4584535258063213	0.8988243121405926
0.45467393560420694	0.898202538419832
0.4530312101343422	0.8979829343503193
0.44925158560448086	0.8973612945767311
0.4476088387778305	0.8971417418042452
0.4438291558353691	0.896520203239095
0.44218637224190477	0.8963006385550467
0.43840606302255797	0.8956769269080166
0.43676155391751725	0.8954509534840829
0.43423226243006463	0.8949970236164808
0.4324998742159387	0.8947734723493316
0.432040567337657	0.8948167857628244
0.4316018833481957	0.894952912185297
0.43137305197441933	0.8950827829852576
0.43103613677782115	0.8953720420446772
0.43082790658018155	0.895622888654872
0.43033102038864135	0.8964563563809849
0.4299814395551466	0.8971950699772626
0.42963113088645755	0.8981826775984829
0.4289187162950912	0.901111818001453
0.4284933452872579	0.9026801958301318
0.42827221728051007	0.9032100403089832
0.42810927223570283	0.9034248147506219
0.42782189963756473	0.9035695371713258
0.42741032454057304	0.9034993292797093
0.42713465632877684	0.90335210913615
0.4261563434790404	0.9025954769349211
0.4237067739308639	0.9003442358521314
0.4221191341427546	0.89878310667806
0.4229994108607613	0.8977517811165591
0.42590672345549024	0.8946489308594687
0.42726774827422453	0.8929783235592239
0.4242864642260586	0.8896814448427182
0.42340500512294366	0.8884936491733484
0.4226604343444696	0.8871352745543638
0.4222967744634803	0.8866367197003497
0.4218715262564993	0.8862991778275487
0.4215241029650901	0.8861725021989187
0.42077552383704325	0.886148036839741
0.41808940095125363	0.8867843586910389
0.4175743221980098	0.8868617814285592
0.41712135148338214	0.8868485225211328
0.4166861675160704	0.8867262206764474
0.416456563829236	0.8865994144846444
0.4157157234164873	0.8859107179323101
0.4145691718781193	0.8846430678605662
0.4142412271291642	0.8843782638131535
0.41381575182178204	0.8842159148208504
0.41334327645104063	0.8842720196627907
0.41236292161875826	0.8847343562948782
0.4000630588231652	0.8921381502364044
0.3985721264728122	0.8929601596627819
0.39785874691514067	0.8932062969899163
0.39655960512852295	0.8933147271863053
0.3954996062366798	0.8932603021134866
0.3949801351818558	0.8931585741847334
0.39399840756148563	0.8927598286929035
0.39166743176171975	0.8914542643125678
0.3909009409034081	0.8912309223651864
0.3899718919382089	0.8911899836310975
0.3890206440826492	0.8912576769661448
0.38552552155020375	0.8918325709929213
0.3845799380946869	0.8919375052776656
0.38363601302235706	0.891875840480419
0.38318465981624655	0.8917439922454575
0.38257813027620924	0.8913651973339319
0.3814492952240657	0.8902064214481936
0.3811234130296575	0.8899348721683795
0.3801701768930557	0.8893625265352426
0.3797507783101822	0.8890268965530541
0.3794399431265685	0.8885962134483535
0.37914441747088434	0.8880236075384164
0.3787714967840142	0.8871388618965694
0.3779407807360704	0.8849313549404932
0.37746187098430767	0.8839323747160948
0.37711237544131865	0.8833474821475804
0.3763609244946402	0.882329357559269
0.37558175451156667	0.8814310571925419
0.3751687551152004	0.8810373183712911
0.3746454835162951	0.8806542983006722
0.37394935386170514	0.8803586366438971
0.3729581673482902	0.8800972450711891
0.3695069560228502	0.879413085469792
0.3685379166541647	0.8791256437546208
0.3681142883640778	0.8789269770372766
0.3677722887550615	0.8786573714226784
0.3673279302634821	0.8780811003420111
0.3668219037792212	0.877188287012312
0.36633966796961553	0.8761876780491915
0.3658373630023065	0.8749255095085675
0.3657224778337147	0.8745288911715523
0.36560652520968295	0.8738753015984365
0.36542904586263564	0.8717701277243962
0.3653222536344602	0.8710802660859679
0.3651557007253937	0.8704660520428297
0.3650041370516479	0.8700824026782444
0.3645233410243745	0.8691792495003855
0.3643117839046746	0.8688795839236269
0.3639511814003476	0.8685063114819024
0.36354788309234576	0.8683329791692234
0.36308601361551596	0.8683929594162149
0.36232824306436623	0.8687729352074287
0.35803006495622225	0.8717564977229166
0.35534408415615737	0.8740087862959544
0.3484381891216256	0.8800101351834578
0.3476843870771023	0.8805809039088205
0.3472433155890331	0.880829791397277
0.3469658261168925	0.8809242760091708
0.3467454879252187	0.8809421249987608
0.3464657616659954	0.8808798995758629
0.34602039490992265	0.880644076705353
0.34446469370492094	0.8793033955635376
0.34418464920196684	0.8790877476469846
0.34373573450166817	0.8788402130653095
0.34345232612452414	0.8787651067845377
0.34300413959100645	0.8788192370555453
0.3427225492343987	0.8789316796367515
0.34204158958681297	0.8793158660339145
0.34107940532974923	0.879975272596048
0.33815429259795143	0.8821775882023417
0.335543918216371	0.8840094691495702
0.33354902325609703	0.885485748083535
0.3318738499171446	0.8866348574431314
0.33142096767330226	0.8869832175437404
0.3309952524856799	0.8874331616273501
0.3308667703777009	0.8876757519007348
0.3308103798776606	0.887933311181632
0.33083171257271804	0.8881570504767834
0.33096494352961253	0.8884897922717041
0.3314520527987048	0.8891512557911034
0.332474075408835	0.8902233284316823
0.33710541255730836	0.8948257046993724
0.3345566562833226	0.8966208578711992
0.33289377537031223	0.8976519616442181
0.33105086583508364	0.8985525267134871
0.32912492282388733	0.8993659756780746
0.3249800689808155	0.9012521948855851
0.32305851641819894	0.9020560963687378
0.3208790143081582	0.903067433141589
0.31993581843027274	0.9035848822399788
0.31894611813332957	0.9042268405287973
0.318203227037968	0.9048009907140427
0.317768919146166	0.9052200155094073
0.3174100292982663	0.905670788978934
0.3171155713761714	0.9061948966930704
0.31660387391732614	0.907450710045897
0.3154640091260137	0.9110191617657353
0.3151633200493475	0.912297437486568
0.3151536856458649	0.9128980187385353
0.315308852496332	0.913410354236648
0.31579103555005245	0.9140716490554247
0.31692402977828926	0.9152857429581961
0.3172401337657924	0.9157833245242942
0.31741516199956765	0.9163516281413018
0.31741326119391206	0.9168917939409231
0.3172474707648698	0.9174214639042811
0.3168386669452444	0.9179857060828582
0.31638704972124065	0.9183701296126111
0.3155009876817407	0.9182118355387783
0.3130361731273335	0.9175886400305134
0.3120055830332243	0.9172263064032814
0.31149536025352315	0.9169541460076339
0.3107181809969996	0.916386880736675
0.31002288596078215	0.915713690459468
0.30973727479271423	0.9153246685491156
0.3095168939865095	0.9148775579837607
0.30937445898599797	0.9144184664729895
0.3090561511646508	0.9127499582033248
0.3085704765780008	0.9092617419749697
0.3077382344781189	0.9037893374393247
0.30755538717661135	0.9024910894367995
0.30749982762259015	0.9014824940324982
0.3075623989156493	0.9006781345808857
0.30775906220676785	0.8999931956390808
0.3080510186189381	0.8993340744874232
0.30928478542496446	0.8970229997543029
0.3096963707278865	0.8960328010314837
0.30981230513091224	0.8956304262467133
0.3099239487451186	0.8949322213669175
0.3099665309617798	0.8942056517614793
0.30993605009846675	0.892735210772666
0.3098641454679153	0.8920256324405117
0.30972472714525706	0.8913686258871463
0.309509653320467	0.8908688234845656
0.30919631087001276	0.890468460877738
0.3084777911012075	0.8898554868178645
0.30721333896702474	0.8889642033270637
0.30564059682646794	0.8879682008724119
0.30428103161708303	0.887219657747227
0.3017027395909334	0.8860617534355201
0.3031395090718159	0.8853332656077623
0.30629629937292685	0.8838653414850567
0.3089743033692442	0.8827198220713605
0.31188876202024773	0.8813889176152575
0.3133190642778038	0.8806675064450572
0.3140825775794893	0.8801755843103024
0.31596927135812797	0.8787222579723307
0.3169145806169743	0.8778718575011351
0.31763100883203815	0.8770809647507065
0.32099975187047053	0.8729480654308875
0.3217263581420232	0.8722068905732793
0.32238629518471235	0.8716672183392256
0.3271860928206471	0.8680447532754331
0.3289015966618845	0.8668055339088084
0.33158025170649996	0.8651957401959685
0.33879269788379013	0.8610767629981879
0.339950506416354	0.860294962617539
0.3407685149434644	0.8594687766966252
0.3414081632183893	0.8586360743248778
0.342926644030042	0.8562450067326045
0.3439941163336722	0.854739275302696
0.34471726958512067	0.8539461437066284
0.3451871476307329	0.8535574440189301
0.3466615419234899	0.8526445962209527
0.3636912676131076	0.8432012438729151
0.3633316861872303	0.8416638333206596
0.36308427788854997	0.8402770545459547
0.36270929011671565	0.838574070578569
0.3624883071900753	0.8379108473130749
0.36220778739735765	0.8372357145808871
0.3565177166739428	0.8261006794461587
0.3553243083587934	0.8238981542088994
0.3540714309259635	0.821987281287216
0.351251366538034	0.8178788704519598
0.34998657768539054	0.8161381761267557
0.3492602581897141	0.8153128521465381
0.34847739496803576	0.8145428955020472
0.3449196694584367	0.8114784456489939
0.3445003856367972	0.8110549523990006
0.34420270366709155	0.810672710975928
0.34396256458300295	0.8102353432064997
0.3437614596480558	0.8096954585018676
0.3434366383018222	0.8084606199477105
0.34186951668871857	0.8007483267652852
0.341563974503798	0.7994887395033397
0.3412743515714146	0.7986006141028718
0.3406054715943741	0.7972713370957208
0.33728602315603856	0.7918604763847191
0.33582377717637785	0.7893324782152322
0.33532590527287626	0.7883067212909209
0.3335925170488419	0.784279700609717
0.3305288356618412	0.7856960998415147
0.32852588258473847	0.7865315480477724
0.32632254728269733	0.7875329631062521
0.3256030664434914	0.7878913144652897
0.32467422184061306	0.7884638645872468
0.32368807445248465	0.78935948912199
0.32102147438347245	0.7922173974846709
0.3195879839221267	0.7936313994383372
0.3105177722459917	0.8007712944738306
0.30857779202540053	0.8023629460218318
0.3071555077241222	0.8038153704249578
0.3016688159283017	0.8100030321302195
0.30045322761022053	0.8112386222426718
0.29952160551556917	0.8119422085688011
0.29758390818176883	0.8132624771242108
0.29522506462825165	0.8147412264029531
0.2925167097128488	0.8165657884288272
0.2896734483003373	0.8183712996469328
0.28773852571155994	0.8196950412624503
0.2868097742438543	0.8204034515553443
0.2859859205598695	0.8212480143718269
0.28195478125414536	0.826153768857875
0.28127613324456546	0.8269300425192105
0.280795723132891	0.8273952465747468
0.2798670077194487	0.8281036139844302
0.27841169542069993	0.8290947759153955
0.2714664595203003	0.833541871179845
0.26952822014762534	0.8348632449478044
0.2685941523669449	0.8355675319953689
0.26736838607975477	0.8368120520669518
0.2640199404756752	0.8405961105365662
0.2631026650761787	0.8415620464977723
0.26150674264393564	0.8400002139393443
0.2595596810614961	0.8379990276126057
0.25862702904246476	0.8369448251476085
0.25788459879810555	0.8359958182149485
0.25727866152963064	0.8350912896648404
0.2565010030545965	0.8337981225253838
0.25231280227919106	0.826532055487622
0.25174309046799354	0.8256058572428532
0.251288023703959	0.8250082192816963
0.2508677794298392	0.8246340956583895
0.2505049922302149	0.8244836682737919
0.2502949668700481	0.8244583968197922
0.24959023449043113	0.8245823401085409
0.24886650606967572	0.8248641380269149
0.23963601536776263	0.8292191172548546
0.23867595040569323	0.8296183004771016
0.23816009638022892	0.8297862776711543
0.23761888104755832	0.8298924371300294
0.23651020446636228	0.8299815098951262
0.2325816478140916	0.830072509756848
0.23146262523788244	0.830076426739115
0.23035635644624045	0.829998002381721
0.22739003115560288	0.8294428548098901
0.21994099436063577	0.8279006854457723
0.2189902561090093	0.8278042105646386
0.21792399649735048	0.8278180323267961
0.2168468945931223	0.8279001016172857
0.21410787361830566	0.8283900793765561
0.2116677770846803	0.8293393831161803
0.20801242900220362	0.8309206501982824
0.20729667761420212	0.8312767842065923
0.20611687891941208	0.8320628017977785
0.20391347248660846	0.8339389261458462
0.20317318608364937	0.8345299887663333
0.2026990916160203	0.8348455998792238
0.20198301510722957	0.8352214702780536
0.20102238253836688	0.8356294945794842
0.20029231963034672	0.8358882643765826
0.19984839931800574	0.8359826157784996
0.19937410220389756	0.8360010776894546
0.19917273936857174	0.835955327252665
0.19887673775066497	0.835796355543541
0.19851608611697047	0.8354099905682821
0.1983136977980415	0.8351047354974628
0.19769172258780135	0.8339363085389461
0.19735611524094554	0.8333923636426948
0.19699354686752693	0.8329960891856028
0.19669509911863228	0.8328247477943015
0.19628038261682432	0.8327469952595843
0.19579167371784098	0.8328000779145841
0.19482982711389135	0.8330729955255959
0.19117603800821684	0.8344838732814012
0.18919652331366238	0.8351035083519828
0.18604324117533416	0.8355941192976741
0.1846126359828873	0.8357600624609769
0.18334849461317895	0.8359829784907353
0.18239411656573945	0.8360471230713943
0.1812064890677146	0.8359675921760287
0.1806781411432949	0.8357949800957543
0.17930834945120278	0.8351808770400703
0.17854795418933916	0.835005157973165
0.17802473191539012	0.8350282500622099
0.1774824637891324	0.8351345438719053
0.17556619939377946	0.8357093954514404
0.17501307235455849	0.8321259586949642
0.17457117019038332	0.8297945552896514
0.17420807038256553	0.8287949498506187
0.17323586345983694	0.8267199973854936
0.17302119651666312	0.826073194674044
0.1726622150234397	0.824687598243791
0.17246178693569034	0.8242547373901677
0.17210311349268242	0.8237963409988848
0.17146820792925885	0.8232730744674494
0.1691892512514405	0.8217854290844195
0.1684885375419766	0.821195746979681
0.16772117379151227	0.8203184146451075
0.1673483490040897	0.8197858636107485
0.1664798678227174	0.8181688562059788
0.16611136824945022	0.817718856651282
0.1657714467336974	0.8174828334877389
0.16439327836030865	0.8170145475640539
0.16337456052457577	0.8165090747698042
0.16115261104750694	0.8151882814026643
0.15915752010824616	0.813915957985607
0.15788452217056745	0.8128730636295334
0.15482977412915205	0.8099463241962387
0.15401579895922604	0.8093250791018258
0.15352202130147863	0.8090885181136023
0.15297987409603545	0.8089574738563894
0.1507244543470525	0.8088385655111227
0.15017407066425628	0.8087565255378893
0.1496922317430365	0.8086149776447189
0.14916436716906198	0.8083856671237907
0.14814041685053733	0.8078211412818165
0.14661564677579852	0.8068764889231219
0.14563344080635604	0.8061700428345197
0.1448565647822535	0.8053676815798576
0.14445518819747694	0.8047925382076593
0.14411188715521278	0.8041116032825002
0.14391777008048123	0.8035782779402579
0.14377263651309272	0.8030174030654702
0.14367004630002367	0.8023438097185025
0.14362113710395696	0.801336879649771
0.14331163659020307	0.8015488187110184
0.1417598107764361	0.8022485902997205
0.1399347713506	0.8029905193529292
0.13913875107225585	0.8032605143875439
0.13645530590429436	0.8037604355876312
0.13283904137424368	0.8043295052395948
0.13142946513251755	0.8046209416442676
0.13089834996240735	0.8047787936297968
0.13041521713523604	0.805017268135496
0.1299177333209567	0.8053363823812987
0.12792019990536457	0.8067920482784526
0.12743530258782862	0.807029902815718
0.12693087005724893	0.8071709725108314
0.12399678801164805	0.8075875269052218
0.12241721911463721	0.8077391518933429
0.12105907826096378	0.8079683927326344
0.11948127288438766	0.8081258948257686
0.11812364625180721	0.8083562501959862
0.1165455654905895	0.808511112876949
0.11518643584522296	0.8087374626497537
0.11360321015904774	0.8089103972510076
0.1130842008161348	0.8090205645499354
0.11256989832662656	0.8091960491715848
0.11039614382228294	0.81020934257541
0.1094060217772927	0.8105141735608933
0.10799465664802291	0.8106083511453576
0.10446945904988188	0.810653615743444
0.101843793660592	0.8104400854966092
0.0977452701242006	0.810452377180039
0.09577160782771754	0.8102627376696853
0.09136446109350169	0.8103545537375249
0.0902857019893583	0.8105040802143735
0.08976571435177172	0.8106535953433659
0.08492816541834024	0.8124729095943612
0.08395549961754142	0.8127321839664577
0.0834355558734923	0.8127727341818887
0.08249001165501332	0.8127062872145927
0.07795360342809905	0.8117384106142959
0.07639712811737986	0.8115435012400156
0.07602060888034798	0.8115551410063385
0.07538316091092101	0.8117064308012121
0.07482403071853141	0.8120591390888285
0.0741811823859858	0.8127224275963245
0.05885448876136585	0.8130539348785802
0.05706311505409363	0.8131496942418884
0.05476636668519974	0.8135819388153337
0.049855628478131186	0.8147834026311758
0.04668127130550097	0.8154960652086894
0.04547679327623631	0.8156366821142363
0.0436490106659497	0.8156421442114721
0.04251758331917596	0.8154559708932986
0.04081076187099096	0.8150261411011146
0.03659902944221054	0.8138340904221406
0.03523024426656791	0.8133667832634183
0.030882398327935438	0.8112665596930344
0.023347439041600384	0.8074960930432445
0.02195740379263602	0.8067451083300342
0.021529272809029214	0.805030731007127
0.021428258602897786	0.804126187421487
0.02145535685138023	0.8033649228908182
0.021557864964435333	0.802966793413506
0.021859109261375315	0.8023011523862057
0.02345972381699628	0.7996290890099743
0.023955041188083618	0.7986765932252885
0.024230994790224638	0.7980152744386942
0.024587178693760408	0.7968981233003498
0.02473215299188302	0.7961352240414599
0.02472298510609404	0.7945939350791743
0.025337308739671067	0.7935288495176714
0.026683756363483534	0.7915688573982528
0.03051346181730228	0.7862226883014106
0.03177261538223828	0.7846529653771418
0.032437949727520336	0.7840345862715218
0.03318766836447043	0.7834605723201217
0.03723541464727538	0.7806577357786378
0.03796978174999472	0.7800375631970449
0.03868984792626334	0.7792417711062889
0.04338550347595607	0.772726557445502
0.04527811589282031	0.7698063408719619
0.049495956815263836	0.7639203583577552
0.05139192846322229	0.7609962498102292
0.05582744896655288	0.7547627527788093
0.056651215548803924	0.7534058764080532
0.05760795711344726	0.7519969594723255
0.061150570747185634	0.7464263937910067
0.06201963833714209	0.7449627987203299
0.06281006280774869	0.7438016074804693
0.06528809603955256	0.7397327567738281
0.07083495633554882	0.7308562182746825
0.07824841773274911	0.7238274527431923
0.07921023649251865	0.7228619735173885
0.07986497283416344	0.7221278810802668
0.0801527784225299	0.7217279293755591
0.08070060077348201	0.720674434339179
0.0845756168704796	0.7115764295238756
0.08512429134414021	0.7103706927404834
0.08539746539547557	0.7098979133378571
0.08571193591782063	0.7095060886448943
0.08614961510504951	0.7091007131599072
0.08757434591346473	0.7080691252682292
0.09002536515017233	0.7064494145831685
0.09212645102763041	0.7054050092337685
0.09257672782555668	0.7051128423688763
0.09293630142376422	0.7047707589559323
0.09338870922610229	0.7039939277590034
0.09436219935938871	0.7014515767778119
0.09478157728619012	0.7005279515069031
0.09531489907217246	0.6995813560101227
0.09612035358018264	0.6983666388640662
0.09659031471790355	0.6975124605562039
0.09681111942170315	0.6968238831667934
0.09685538472095971	0.6965095833632893
0.09686674593515761	0.6953096827634642
0.09647849669205243	0.6918017994574561
0.09618541957404915	0.6898799196684196
0.09593896919966362	0.6889758462687345
0.09560746815906264	0.688291114509316
0.09504080160351545	0.6874449051043037
0.09154177055647982	0.683209317640401
0.0895542958713751	0.6810225012186055
0.08912746947710161	0.6804475270228202
0.08875893194185534	0.6798147617540362
0.08853686414043956	0.6793421127145531
0.08802591995567065	0.6779000305328005
0.08628111613372713	0.6718463142178348
0.0859500237522029	0.6709305290569986
0.08562559055350157	0.6702603856703483
0.08527182414583698	0.6696739636106235
0.08488543408496543	0.6691366581709208
0.08317358893544331	0.6670453015714157
0.0820678099612165	0.6658270886371319
0.08055949831527245	0.6644030220396719
0.08012948185747726	0.6639277295846313
0.0798457613217414	0.6634414797503586
0.07976199286517327	0.6630167791511568
0.07978711632813852	0.6626680696247665
0.07992933508383764	0.6620919608349415
0.08048891313190062	0.6604449662878225
0.0805870543238869	0.6600395880836101
0.08068115262608315	0.6593389925394042
0.08071377359537736	0.6586115805293177
0.08068015541200982	0.6571284990725358
0.08053925349111503	0.6556643056473701
0.08020832231912278	0.6536811336239867
0.08023968447184657	0.6528027717083286
0.0803751721225019	0.6521392823168006
0.0805636095376684	0.6514858008842198
0.08318084377962114	0.643676192071823
0.08352420521571297	0.6423293886023795
0.08359520594949392	0.6416733528765096
0.0836170615222519	0.6409936678921496
0.08359280595882888	0.6382374042647213
0.08371992961722542	0.6369448908784192
0.08648794864323725	0.6208730888665224
0.08685318332085637	0.619107395890598
0.08741187894160987	0.6169956745727361
0.09164198220819722	0.6021543460372404
0.09222716144515794	0.599835800421623
0.09232462047178262	0.5992027802535005
0.09237679649221708	0.5984820816329379
0.09238193900293923	0.5970007774754956
0.09226806756722016	0.5940182740934286
0.09219895940133664	0.5932946441412614
0.09207910570419967	0.592600495199597
0.09165054505082239	0.5912682841772898
0.09060079878290377	0.588715012676774
0.09003935824445171	0.5874715472206673
0.08972255998130606	0.5868867321490641
0.08944737567596456	0.5864898045308691
0.08912889316755103	0.5861462557333528
0.08866017349999451	0.5857395061473405
0.08693444281348116	0.5844409510733525
0.08591286122745329	0.5835970014310227
0.08541999099308366	0.5830615735614425
0.08516593304343004	0.5826416367497863
0.084822477609687	0.5817736382860851
0.08465639455171343	0.5811953804743472
0.083242004836966	0.5757767893975476
0.08287010758725483	0.5748418527212449
0.08253783766423727	0.5742355796029193
0.08216220155006676	0.5736888418878884
0.08052689454129852	0.5716893343327234
0.07869143088460633	0.5696877204636261
0.07695926860466758	0.5676411056536103
0.0751601891592395	0.565660813247811
0.07359959144968294	0.5638235569356612
0.07180135551450738	0.5618363741813585
0.06961647557212426	0.5592961729928
0.06882908967522681	0.5585713341619326
0.06832142406973345	0.5581945030682858
0.06588046595181263	0.5566218128400019
0.06481000028896303	0.5558791459006136
0.08047742096856077	0.5342844451734545
0.08103813416186	0.5331956994559727
0.08284499657463062	0.5292415454168959
0.08503978475599164	0.5244137457849192
0.08584229198412698	0.5225307219440839
0.08534402377023886	0.5222244815659061
0.09218304015721052	0.5100858324704486
0.09530512340296848	0.5082421273773942
0.10942749570139991	0.49923384585382197
0.11158522427243499	0.4979107717373713
0.11208353701831794	0.49764977419342005
0.11259659074221501	0.4974571447074506
0.11458227375624037	0.4971524880448237
0.115126666350082	0.49694237989420903
0.11561020411784736	0.49657297851926957
0.11648238139046357	0.49555970403803673
0.11772284580232291	0.49384817362610717
0.11890537458963124	0.49214082621960525
0.1204389848085211	0.48975551068472906
0.12268820905691229	0.4866654005470464
0.1233743652000395	0.48560179291915995
0.12363516983778153	0.4850294523430893
0.1237392979639856	0.4846877351998267
0.12378131289209865	0.48442074929546985
0.12377130925253486	0.484076660216506
0.12368418721839422	0.48376863753998856
0.12355060052569883	0.48354814566202436
0.12306064525601812	0.48300646328694324
0.12290633697509855	0.4827760835319576
0.12271829628336735	0.4821999945873368
0.12265459726323302	0.4815181958061999
0.12275349162688882	0.4796422965041444
0.12322939315276556	0.4753936297390929
0.12338222823406512	0.47346593001494247
0.12334788148432799	0.4722444560065711
0.12326113553948259	0.4716544922326714
0.12283189037015951	0.46990476273582477
0.12275336925474979	0.46929839964755427
0.12275433677807915	0.4686769146279591
0.1229916547855854	0.4664313312593481
0.12297889798052604	0.46547814523535547
0.12282712618472921	0.46490216094373105
0.1224856866277054	0.4642608797742914
0.1220619216867947	0.4636819899137097
0.12104993514072762	0.46257977629697206
0.11995369602653344	0.4616317198141437
0.11988589708634888	0.4614662340601935
0.11956144827269138	0.4610184636668263
0.11686152870781015	0.45764354144196995
0.11218735992681468	0.4518991809130862
0.11083345234241193	0.4503974607369077
0.10932457476977579	0.44896795147495727
0.10274895163841283	0.4432650338148935
0.10224025432243518	0.4428796011899439
0.10175194958970626	0.4426185410869194
0.10149421529639471	0.44257673338634046
0.10122593208953586	0.4426641169214387
0.10089833633816439	0.44300024689055867
0.10071348947334219	0.4432932119090235
0.10016800762527499	0.4444617918640748
0.0962315349108026	0.45424190867798925
0.09397083339642964	0.45974800049454917
0.09352623993924057	0.46074857834934446
0.09263382317687782	0.4623207515516882
0.09075396905521554	0.46525402393185705
0.08975251228357092	0.46665210222744935
0.08872053976120274	0.4679176296009905
0.08680343893816457	0.46986136946112556
0.08014603368572912	0.4763378361969938
0.07556506499013889	0.4808622599194205
0.07415407538788728	0.4822140693132001
0.07353373353941255	0.4827262203618382
0.0726773248790597	0.4832872470792293
0.07147022104968942	0.48397130040089575
0.06593064678264132	0.4870324622268359
0.0646947012039371	0.48766991058440495
0.06347386271422481	0.488185236224445
0.061280801399277086	0.48892915156981104
0.06039790654538855	0.4891306329587205
0.06013513018050703	0.4891113338522902
0.05992673883686641	0.4889955860200401
0.059788621140681605	0.4887616577108032
0.059504560100122054	0.4876310696240274
0.0589151681905498	0.4859628897767533
0.058271448921955425	0.48440437392130187
0.056950690529808	0.4815297716496679
0.05632096297808512	0.47988520056401746
0.05617372029651198	0.4792521491185503
0.05615081078408533	0.47870316487371667
0.056193414709196414	0.4784233855376075
0.056578280631419384	0.4772400678600119
0.056595613040599346	0.47671737555299765
0.05638441477565324	0.47601406094816573
0.05577584044870367	0.47474466385810404
0.05553245877369276	0.4741480954434489
0.055441176289849764	0.47380681381474
0.05541995091964823	0.47345339712754186
0.05548667193533872	0.47313012119201725
0.05565635750482636	0.4728440212393037
0.05607232974823159	0.4724591897535699
0.05730868748656517	0.47161952018888936
0.05901524657189383	0.4706128997487247
0.060204761543436174	0.46983216619064594
0.06115808626007734	0.46910731723251575
0.06188742101773405	0.46836604355360856
0.06270219301794146	0.46725998897839177
0.06498971203697058	0.4636499875892983
0.06541070812687795	0.46285594624244425
0.06559771721163463	0.4623450219986254
0.06563272038220057	0.4618190901311529
0.06546303586671244	0.46136523847412597
0.0648783896891915	0.46068801107455276
0.05791755716221802	0.4551751292416479
0.05592884960872563	0.4534723505219186
0.05693910799980111	0.4526774136207944
0.05775268753522107	0.45191101548995866
0.05854842709346914	0.45097938362604434
0.05915200278860408	0.4500616642029106
0.059658967032636664	0.44911394780414876
0.05995169323048709	0.4483876939046709
0.060039210817962256	0.4479611718436361
0.060029748825111216	0.44754960183106973
0.05983004269669878	0.44702898635873933
0.059290671872746954	0.4463323879577718
0.05852580032507108	0.4455839430303727
0.04911494874524419	0.4370990257952603
0.04406621372566826	0.43245835795183646
0.0642615685897806	0.409367256536987
0.06544605474286606	0.4081345578682798
0.06592840774685646	0.4077853402468599
0.06620830233966545	0.40766204379829496
0.06740563325743446	0.40756423429035454
0.0678741180461207	0.4074678616946126
0.06859592361294621	0.4072101945551302
0.07032718848756761	0.40641978711878923
0.07107126765178964	0.4061533353072107
0.07304594686554457	0.40575630944627267
0.07619833806077143	0.40524282329628397
0.07712430418756623	0.40501338594036723
0.07761087024083897	0.4047751311728034
0.07839806381462312	0.4042317911072043
0.08197992139541993	0.40122650345661315
0.08314278456355749	0.40014164888145126
0.08388112042685832	0.39924256941337205
0.08421838135906415	0.3986972638204661
0.08448983301005862	0.3980764741542786
0.08468929727909195	0.39732217584403096
0.08487719796745655	0.39618299829570325
0.08502443298312187	0.394524385182372
0.0849827563140329	0.3932244493540957
0.0849323018427181	0.3928614697967415
0.08475031536137408	0.39213955163068603
0.08448392163409345	0.3914254782508577
0.08416319388279792	0.39073963204211093
0.0838222717045209	0.39013779798145104
0.08347750179926638	0.3896600368256452
0.08172763653234139	0.3859644652221364
0.08143570006839349	0.3861188801440588
0.08068856370667596	0.3852821290807841
0.08015424859277963	0.3847864481829441
0.07906888742571552	0.3840071815760428
0.0779972129073314	0.3833420143562267
0.06264733393505574	0.37504308881732695
0.0538660108040207	0.37041197920295477
0.05338077684733807	0.3701165213976043
0.0529436179267701	0.36975497875077246
0.052757070503969175	0.36947941976333193
0.05266627690758715	0.36916518611756466
0.05265756183782517	0.36881759836511585
0.05271779446736613	0.3684769595203604
0.05306683881507574	0.3675158951836016
0.06422458760513955	0.3451112855035002
0.06464996138989557	0.3441213711780717
0.06484554501979138	0.34347767737951584
0.06491644670476789	0.3430881431721362
0.06494577796563208	0.342183135235011
0.06490295914369981	0.3415811823391938
0.06460255395250089	0.33935687800292885
0.06262755861856757	0.32684308845855775
0.06044977335989786	0.31247288129016865
0.060301576626844766	0.3108852652651347
0.06020862942147511	0.3082634527045821
0.06017200734537207	0.3067303367994094
0.060221862952248656	0.30524881461130426
0.06034836820668416	0.30458324060809183
0.060572608593000656	0.3041014474633403
0.06092985260489036	0.30375108439951826
0.06137236845543458	0.30350704172305
0.0619366807985942	0.30329185269030506
0.06371014039327925	0.3029329517883278
0.06399352835652869	0.3027718539718368
0.06593010084176802	0.3021053829682656
0.07266330602353951	0.3000857272364237
0.07584023386891747	0.29906435768640266
0.08732644152024079	0.2948005904694221
0.08829481186458354	0.29451519913147034
0.0890017617237241	0.2944019280320304
0.09050284326458535	0.29427341866031115
0.0909637805260876	0.2941832765572094
0.09140633586379733	0.29402485922427213
0.09214710947463799	0.2935088146791407
0.09256674912305293	0.29307845804703614
0.09543081681824983	0.2894811792537404
0.09698954870332284	0.28742639700747
0.09870502213958482	0.2853762731087823
0.09936673226960205	0.2830114580604184
0.10009867408411631	0.28087236201437416
0.10152512935828673	0.2772356350669999
0.10302068373239771	0.2735816619082566
0.10327808611599001	0.27267829963692025
0.10332812662370085	0.2720762252834043
0.10322271993113456	0.2716359948350633
0.10304451074393216	0.2713853801804345
0.10280044798239532	0.2711873472475371
0.10226376044438656	0.2709387687401515
0.08984716016447035	0.26751132009225764
0.08918907206239873	0.26727645260028554
0.08897318242729614	0.26715492650215805
0.08873145457778336	0.2669569823389418
0.08855709841338404	0.2667065185152926
0.08846086613606562	0.2662666801865299
0.08846811169364735	0.26602308724535095
0.08853160034720436	0.26566554353501837
0.0887071472697728	0.2650770086555416
0.0889451651806837	0.26442977183526867
0.09119780049225212	0.2591603853429447
0.09292367447822236	0.2550062208774736
0.09491006220839934	0.25040504496008253
0.09563233154448443	0.24851668528072235
0.09577497209731874	0.24788816354403675
0.09579084548681217	0.24753155434065002
0.09569905937724227	0.24709271590823537
0.09557356734382315	0.24682977737273454
0.09517891642124081	0.24629162101706698
0.09418844035635078	0.24531069324482016
0.09040385444503284	0.24190843716029758
0.0958909284666926	0.23683767512920895
0.0982637272370451	0.23476426453473864
0.10355604616053496	0.2299696989409492
0.10285024367434699	0.2294896213173274
0.10172198510527014	0.22884910274750472
0.09908138372948883	0.227694575857158
0.09683396070839563	0.2266182712982552
0.09479883252623374	0.22537921109919093
0.09364941123708695	0.22457418386035102
0.09151769329979675	0.22276380653314043
0.08057302611701807	0.21315727669356319
0.07877742430239003	0.2116585856074104
0.0775635958603571	0.21095686246968598
0.07407201503284289	0.20937083714737897
0.07234100373136887	0.2084623277305732
0.07152977814567825	0.20791371507481654
0.06647010147797495	0.2042130345918202
0.05744708853558653	0.19872435206258987
0.056726575504151854	0.19824939239064174
0.05519579828982624	0.1970446490163024
0.04502885581544651	0.18870143479686532
0.04178104270723038	0.18614268085319075
0.0300914184654885	0.17655906728563991
0.028619679071945126	0.17543386196464528
0.025597024653901443	0.17348732381465803
0.024039051100381948	0.17242800142070677
0.021818190680268922	0.17103918449175756
0.019757137636323314	0.16964871738057916
0.017536124853363116	0.16825940469321493
0.011695861227611234	0.1643965473504389
0.009474610526202805	0.16300730622010726
0.007412608261452305	0.16161619286515908
0.005183323790902788	0.16022222245333848
0.0030595315556978934	0.15879012267994963
0.0	0.1568787353140795
0.006385042377485561	0.15251834282220117
0.008840315857025067	0.15068346048539727
0.014644631149305391	0.14663410437121197
0.01627656802996359	0.14536862081608667
0.02566348373185103	0.13749486944208805
0.027125049721630892	0.1361950113065405
0.02855095512879446	0.1347266726841044
0.03649941219657326	0.12579415626783574
0.03891079898238601	0.12293547882724702
0.039991059340306376	0.12186752567877734
0.04450803618503537	0.11684062059891284
0.052392061021821056	0.10800324911836928
0.0541846995270039	0.10588785113149041
0.05562605772163456	0.1038956939069305
0.0627376397438713	0.09269230831846095
0.0646202169133701	0.08962846403417953
0.08052894082456011	0.09813268843585465
0.08228780792679699	0.09904919045416491
0.0832711887810309	0.09948652448862196
0.08525390229075401	0.1001220634712714
0.08896399580957119	0.10113867611880185
0.09646744196598234	0.10336582328071649
0.09917716150458944	0.10409781204007194
0.10668539081723709	0.10632002954962723
0.11042583911925141	0.10731037574190536
0.1113875558312502	0.1076575951062885
0.11183833485016753	0.10791628363726678
0.11206074374537466	0.10810076531481387
0.11224396046996614	0.10832597293504624
0.11246018088321166	0.10888016004608685
0.11256991759925593	0.10954898458179532
0.11265287655675434	0.11102902115891138
0.11265754941835257	0.11330764940591116
0.11254908852598078	0.11521660479609504
0.11254172720073997	0.11596603477047888
0.11258190750231244	0.11973965007031197
0.11247617322940621	0.12238440968753266
0.11259840439403518	0.12690958316590326
0.11270808302291713	0.12789587077758727
0.11296156642071711	0.1291726578801311
0.11355125906179188	0.13136482724895912
0.11378140116376856	0.1319696015740465
0.11407602293602513	0.13252713091472837
0.1144240031998123	0.1329578861595518
0.11553328238475531	0.13409039222742106
0.11612910932906757	0.13491741328329862
0.11668390242504148	0.1358080747147672
0.12600861020302803	0.15165053071309134
0.12775831661350467	0.15476687150433305
0.12878237918172647	0.15702641732399006
0.13714848944760116	0.1770700270672969
0.1545343095902318	0.14613451405372072
0.15547606436517958	0.1446654192926161
0.15960811955197918	0.13890102404588986
0.1604538942655413	0.1378866246887306
0.16077953501367695	0.137623843244462
0.16099512909143504	0.13752016354400642
0.1614274030758765	0.13746811316529062
0.16193531931281888	0.13758329519224372
0.16315799149111113	0.138149503930253
0.16923885286881368	0.1415236020098052
0.18044341104760364	0.14753964674310857
0.18403579045238413	0.14952586133696316
0.1857957197099409	0.15043513713991585
0.1867872504022155	0.1508110726932827
0.18726108974064284	0.15090256885484052
0.19003845410314607	0.15117524464711485
0.19163181673720178	0.15125417209439232
0.19573146235265826	0.1516717602759911
0.20029231364854405	0.15200812357288299
0.20439123615434682	0.15243009624302017
0.20598308930040582	0.15251640778406894
0.2073112232245915	0.1526803405379118
0.2087538752232323	0.1527744553349493
0.21008197093658765	0.15293851791951885
0.21464269352124182	0.1532754599677809
0.21597076313051083	0.15343961058801645
0.2174133706780378	0.15353389992715216
0.21874144026949582	0.15369808146019617
0.22033338645859368	0.1537842642457527
0.22171041373395403	0.153949101178263
0.22330308948435948	0.1540351778730081
0.22743431747454534	0.1544615612719909
0.22910708328451487	0.1545500211751857
0.2306813121336158	0.15471913708419377
0.23236956832964892	0.15474160629040667
0.2322302166120944	0.1556964528595731
0.23193175739897645	0.15715159145436147
0.22945790689351966	0.16713391010481293
0.2290890307341279	0.16879461253132017
0.2289942530275363	0.16942928053027073
0.22894345691866227	0.17016776408190146
0.22894423095504512	0.1716826567615819
0.22931128082098445	0.18394467898786965
0.22942333530078665	0.18622803491642223
0.22963081562226742	0.18765592932335734
0.23002636136523233	0.18954194017948578
0.23117433492862724	0.19464212351408078
0.23150282298414673	0.19588804679461017
0.23171765684474113	0.19651754297799956
0.23278725155953162	0.19908421161535572
0.23786008113409735	0.2103614362521091
0.239097059962976	0.2132161498998872
0.24114296552233738	0.21280264378102434
0.2462802824073891	0.21138047266426857
0.24801446590785634	0.21083911445398576
0.24922843670140454	0.2102961284451718
0.25041819567409707	0.20954097654232728
0.2547642541115281	0.2065394711163111
0.25721942272204756	0.20471254689883048
0.26225341965680377	0.20123683745759824
0.2647091757289226	0.19940942464498967
0.26954194782136437	0.19602926386168196
0.270509564726563	0.19541410440014073
0.27099494383698075	0.19518487883401828
0.2714489285028721	0.1950922529375848
0.27173781969852345	0.1951247373600294
0.2722355337270515	0.19529370953025577
0.2729446476253609	0.19566832937902137
0.2752510752179188	0.19713017497506474
0.27595517361232824	0.19749124647724786
0.276242191842675	0.19759163058937146
0.2766884965012504	0.19762370170504262
0.2771726091784499	0.19740887498999704
0.2775185454270555	0.19712276580488886
0.27839490564806235	0.1961647183739917
0.2893641094812234	0.1830450070519063
0.2905965147307826	0.18165711639683985
0.291081341854181	0.1811960461590198
0.2920151248618558	0.1804877883612754
0.2934839046618201	0.17950316456222382
0.2953647541321358	0.17834843008913057
0.30075319039631454	0.17486392255125238
0.3130490976072701	0.16706421005825348
0.3154675845331683	0.1653940755430379
0.31618993751812613	0.1647597528447624
0.3171648761047435	0.16379495974433414
0.3183943682297351	0.16248446901683433
0.3191167893264145	0.16160303744704138
0.3195160241664201	0.1610329199740976
0.3201201678569687	0.15998964931421772
0.32135064546247677	0.15731819013160817
0.323051699949542	0.15307253050217007
0.3230320988066392	0.15307297544059498
0.324437948751042	0.14834850694977256
0.32690908557654247	0.14052714593142818
0.32715757791572075	0.13916070281192264
0.32755563703903673	0.13797917022104697
0.3282479566099221	0.1368167056671573
0.3288280530811438	0.1360055441611038
0.3308885533550243	0.1330302378521747
0.3319617768108555	0.13149496351282258
0.331926047186854	0.13146742071726567
0.33388192698991387	0.12869667498250903
0.3350685685643163	0.12721594688703983
0.33559093385529026	0.1267887447632593
0.33633692391500003	0.12639502263087923
0.3367653947468716	0.12606987130931147
0.337297484568022	0.12557187227007285
0.3408499309638276	0.12189817000923356
0.34665644314297633	0.11577829096505679
0.3476227094507455	0.11481453611416517
0.34834687314065893	0.11418677868768512
0.3488076533176025	0.11385213441136699
0.35071815550418245	0.1126603359762672
0.3511731711851796	0.11231593213935614
0.3519312321272347	0.11159410058888089
0.35311949413694427	0.11027730931339184
0.36270402190127066	0.09921415502107314
0.3651099313052752	0.09662044617955975
0.3699149837272169	0.09234052750359413
0.3730084547354342	0.08965129946907076
0.3804870482006565	0.0833864402081612
0.3817571392045036	0.08252667927917265
0.3844219681558674	0.08137155871797032
0.3852762939422948	0.08091168019485563
0.38548255263449316	0.08073121778632113
0.38563807424444796	0.08051093072122606
0.38574388765048684	0.08012930882634156
0.38574491051167425	0.07986533666306732
0.38562313428343314	0.07925884990194403
0.38513090835978175	0.07766425922242919
0.38508585778236876	0.0771205431821443
0.38518798930419396	0.07664003398570005
0.38533871847137396	0.07637411524201661
0.38553973833373933	0.0761419483381448
0.38597650068340755	0.07577172052755334
0.3866957364659547	0.07530799217775724
0.3872598677675191	0.07502593896090952
0.38811900775611224	0.07474187275785575
0.3886664567366709	0.07467897994772528
0.38921715234145227	0.07469867814045125
0.3901999981694069	0.07491703183837498
0.3903911549344719	0.07517481631900304
0.3962208159169715	0.08231829061447785
0.4019748612786366	0.08950799266490979
0.40822256442218713	0.08526142674009617
0.41108907598232125	0.0834523180039761
0.41573834577955704	0.08028519820190635
0.4186009104824486	0.07847831845523841
0.4232503602880514	0.07531160672654978
0.4261131260665719	0.07350485428107614
0.4307629194303316	0.07033835041557955
0.4336258884101799	0.06853172568124491
0.4382760252997195	0.0653654295565114
0.4411391974705678	0.06355893253628138
0.445789677866625	0.06039284415617915
0.4481622929689672	0.05890928799274687
0.453303877107146	0.05542059422964736
0.455676659859184	0.05393714397096543
0.46081863692903924	0.05044869816075217
0.46417006563737906	0.04831559967063115
0.5292115280928954	0.003939755576067699
0.5295696124331927	0.004380917743855302
0.5342863532946004	0.0004984804021392633
0.5370520777892691	0.0
0.5373659160034333	6.905666374203379e-05
0.5379733621855004	0.00033762568547362126
0.5398741931916309	0.001409863911129851
0.5451718249599184	0.00408708321999392
0.5464206666749957	0.004859850905129884
0.5489634991739661	0.007009385820941757
0.5586073704930516	0.015411222628359426
0.559359294264725	0.016035380581056042
0.5601437905252822	0.016565699144678075
0.5621265034483606	0.017525960544796472
0.56935738906174	0.020705451368906717
0.5713584296882287	0.02168252141532183
0.5726038900333081	0.022394696434045014
0.5796559258925422	0.02671368410850676
0.5857331528342522	0.03149267993022581
0.5869203500255005	0.032527037470126224
0.5882931554393593	0.034059215458995436
0.5927822199579588	0.03960526209402621
0.589800616390886	0.044185640956588064
0.5886942716707616	0.04566761220570992
0.5878503618198173	0.04666001345535928
0.5777286287760526	0.05711413350480331
0.5747177165920297	0.060182801275417384
0.5723003038190007	0.06255757704298483
0.5743233064671674	0.0638863554755752
0.5792838037097308	0.06666392504848938
0.5802659482021013	0.06738867165346966
0.5809068836069889	0.0680550668948087
0.5817754290536681	0.06925689344506414
0.5904098740473772	0.08254499847227502
0.5914437222406665	0.0840526682654752
0.5926330197964834	0.08547316186565632
0.5956648021236294	0.08847821548323576
0.5971324578092262	0.09016347653718394
0.5983453296996152	0.09170046835496046
0.5996059763282038	0.0934846193147003
0.6029637469041401	0.09801441328809776
0.6037870432114013	0.09926296396973701
0.6041387601626595	0.0998992217454286
0.6047118954863302	0.10115273454962145
0.6064116008951753	0.10523071743726815
0.6075901644205426	0.10782686869138121
0.6095689558472213	0.11253606595031507
0.6110212336654945	0.11576556648649196
0.6132700502940158	0.12115339867796387
0.6145789576736967	0.1246853543015396
0.6187125281961523	0.136403836043392
0.6215162722397399	0.14311119980676307
0.6220056173061431	0.14415379209035248
0.6224779150453877	0.14495338180944775
0.622859073546404	0.14542241186933577
0.6234111959280951	0.14596526926924133
0.6243026361603642	0.1466561267706957
0.6089866203456107	0.16397024267244198
0.6059407422083077	0.16750521207881255
0.6099165608252398	0.17090337215897672
0.6167629852587363	0.17688558019383083
0.6246335565459882	0.18387551546857034
0.6253867511751783	0.18448067938215637
0.6261818596096188	0.1849341828801562
0.6278852412229294	0.18533958433981157
0.6293774820551004	0.18560564375336486
0.6323145122816355	0.1860667344765141
0.649205882253226	0.18902127212906206
0.6521392149673061	0.1894960463936584
0.6573834243347135	0.19045381896394492
0.6802273722751316	0.1943801140433574
0.6836246521150414	0.19509023214192805
0.6862168903339151	0.19216276921253098
0.6891189905376179	0.18906680545954155
0.7013943540594942	0.17575109267680775
0.7073886182279278	0.1693706073310331
0.7283154458751181	0.1487559627738946
0.730015685067325	0.1471636003250388
0.7307029072914416	0.14664822416075507
0.7321985714304627	0.14568108834059904
0.7374643148829103	0.1425127411542516
0.7392447587300915	0.14138375698885605
0.7458039972348073	0.137400360261901
0.7467501196690777	0.1368804178407061
0.7508861319449862	0.13485857279460564
0.7554994982509841	0.13273188922076837
0.7579558043158984	0.13150866111892287
0.7601580673636189	0.13050388113332717
0.7637249646923954	0.12914048163915465
0.7648314936857448	0.12876975020458684
0.766292513354792	0.12839095951126234
0.7667411477362657	0.1291755465811193
0.7682022568555437	0.13217138677620077
0.7681946568644915	0.13217153982796487
0.7685142507250726	0.13270693013555657
0.7690550367512412	0.13344275826516702
0.7704285003794007	0.13510096665056334
0.7797380102232941	0.14556630638205964
0.7967643415956829	0.16352374668692726
0.8003079306624028	0.1671429787497634
0.8020930381741719	0.16867508156247776
0.8131418731213466	0.17781659917069975
0.8159588926558279	0.18024886370316454
0.8285068640158418	0.19066335889158603
0.831031787451521	0.19301889722339666
0.8391253764854373	0.20086831691014492
0.8402424119756524	0.20204217211305298
0.8413319600575694	0.20338948623398562
0.8444693855685417	0.20797019524366722
0.8460378887392489	0.2103617870199455
0.8486441790266417	0.20832633578618517
0.8601210725452765	0.19970789050001245
0.8761175710751162	0.1874917324828461
0.8784894407381867	0.18573450448015835
0.8791984485590835	0.18525532557666016
0.8795370481047469	0.18509700760094133
0.882559900482252	0.18653488316947203
0.8901507036692206	0.1902831610329704
0.8934606241553714	0.1919826451474313
0.9148719119017392	0.20262211007125666
0.9181812295162624	0.20432196464989646
0.9266675508643675	0.20845230341303633
0.9278406178057331	0.20912711677999796
0.9280617783281283	0.2093300536904159
0.9282316844557356	0.2095722643335239
0.9283567892782488	0.21002767545517406
0.9283364521641599	0.21044430265390265
0.9282342106701176	0.21087949728796226
0.9278541317261783	0.21184990182293803
0.9217617859880882	0.22454651509806908
0.9198347362366646	0.2286982591576812
0.9159023917205301	0.23683678645636214
0.9139757260379104	0.24098860045834994
0.9105103650030759	0.24815689109694314
0.9076226110552555	0.2542503110662098
0.9072656043005545	0.2552189531835519
0.9071859976328049	0.2555922618678172
0.907188408043264	0.2561830287354283
0.9072692306004381	0.2565538401743049
0.907491892887598	0.2571862314158983
0.907759269422504	0.2577721876460074
0.9124232837205883	0.26702743700217807
0.9138919246133093	0.2698232649260066
0.9150342193547223	0.271744108711284
0.9187783655705222	0.27773350817207093
0.9230005563199041	0.2843902875496611
0.9398123122351177	0.30839715122956174
0.9426313058559681	0.31198165168347824
0.9442890570854995	0.3142904288600281
0.9469603480279528	0.31766627784669943
0.9482177183110003	0.3194491942741754
0.9510381225879234	0.3230404329774435
0.9527177536280089	0.32538352287419975
0.9561156732287824	0.32964518411717814
0.9578835924192686	0.3311568394948784
0.9647648000942127	0.33669472069221024
0.9731751316933397	0.34355948458139834
0.976040456321295	0.34583668020078356
0.975381517064703	0.34757838853983314
0.9750907074189973	0.3486168958956941
0.975046626647327	0.34929246384931095
0.9751725141361418	0.3497863000777548
0.9753239220140227	0.3500357103660406
0.9756932458294981	0.3504070174286324
0.9764467784290602	0.35094957400002835
0.9791863641434666	0.35264706373445565
0.9812428445476187	0.35404445245635324
0.984461275613872	0.35603977073644677
0.9854493406585076	0.35672419902162644
0.9859450886634918	0.35716178146185157
0.9863681385098245	0.3576268257366297
0.98676751673707	0.35816113951202655
0.9877793260424693	0.35974427059571806
0.9883318346838782	0.3607434918957701
0.9887364075728099	0.3616388690883106
0.9891413127994757	0.36267464817120126
0.9893348106963675	0.3633119914303276
0.9894601395227237	0.36390759134840833
0.991116507791017	0.37383116076485284
0.9914568432876066	0.37620462092201
0.9915299615763444	0.37735323583002445
0.9915288498032389	0.378812109549115
0.9910720591277168	0.3860115077591715
0.991033440253794	0.38748949910160035
0.9917872846704396	0.4182311561159222
0.9917770736107568	0.4204466355330894
0.9916968819341677	0.42114564645789326
0.9916105918155121	0.4215485842469441
0.9911180820908144	0.4231389028012983
0.9901749451390102	0.42571458791253375
0.9892701406995196	0.4279743257389301
0.9880817395869216	0.4311979915021271
0.9867877150804383	0.43448501958767427
0.9859880015985925	0.4367037520334099
0.9856002318042821	0.4380287074049509
0.9855078255693964	0.43874322985574576
0.9855645990848191	0.43935850163951135
0.9856632862732018	0.439772451473541
0.9860169682900279	0.4407916933262947
0.9868895609469389	0.4428489742260266
0.9893313996058624	0.44521081475039753
0.9931151252920741	0.4486652683315601
0.9962701378816172	0.4516476281876403
0.9944652257930134	0.4540847962888844
0.9932153423612269	0.45602664470058424
0.989853377501307	0.4610558439868237
0.989376481013774	0.4620351792782117
0.9891102127017534	0.46292028884403374
0.9887524686796284	0.46454801750395336
0.9885239349550123	0.4658311044157865
0.9882523872948522	0.4674162514859781
0.988100309739897	0.46870316928047473
0.9880935601381898	0.4700980944555721
0.9882159479444496	0.47445512904041176
0.9882317210733232	0.4766289453501197
0.9880177543763965	0.47959290050687786
0.9874310693926053	0.48569545488335003
0.9872705315588309	0.4869813433025081
0.9870783425185691	0.4879703408772736
0.9866732373198244	0.4892916719657267
0.985878063885596	0.4914961854510628
0.9853093528771603	0.4927934992009558
0.9849851204806362	0.493389616044231
0.9842661045174331	0.4944609180838572
0.9823855918347972	0.49699785063844165
0.9814866339919014	0.4981028915411615
0.9805470073868309	0.4991038242437272
0.9747972810246207	0.5046891545350279
0.9741264015830761	0.5054186766888792
0.9732228511446813	0.5065337259653044
0.9713302166914954	0.5091461517168469
0.970165577097586	0.5109788678255149
0.9682482247807389	0.5136984742185232
0.9667103244204246	0.5160717296443661
0.9649322145851938	0.5185124492038155
0.9638301327825541	0.5199241749861588
0.9607274551446837	0.5233844967254571
0.9595879727275687	0.5247524492322497
0.9592881518143808	0.5252001132351479
0.9587609262062139	0.526330076622557
0.9582040785739604	0.5279031501375251
0.9579292209870051	0.5289439502322038
0.957670381742356	0.5311582203447374
0.9567154593110255	0.5414442569447032
0.9566624744929316	0.5429979842011126
0.9567087759161674	0.5442041308791268
0.9568046851733297	0.5452389003977139
0.9576894430275514	0.5519636686613711
0.9579723388093961	0.5536558087406372
0.9580926623696364	0.5541401232592335
0.9583675295233679	0.554825814816108
0.9586973464162307	0.5554201530064699
0.9607161047964025	0.5582772822441808
0.9617605109905345	0.5596519767887462
0.9634152165691229	0.5619628081216529
0.9646299795558916	0.5634741224445798
0.9654651553717762	0.5644404683584957
0.9669757101736027	0.5660259284344196
0.9699994088682794	0.5690656713708985
0.971009099098583	0.5701733401617578
0.9713929189107224	0.5706960950166919
0.9717154501387164	0.5712801411563693
0.971864700981958	0.571650586835653
0.9720040383762106	0.5722354654179099
0.9720379937262472	0.5726623753556513
0.9720175299055939	0.5730887355922432
0.9718892378426078	0.5737600922393987
0.9716963918967575	0.5744198330157564
0.967661323014168	0.5856127190017837
0.9684507672618483	0.5860572557427658
0.9697029549242152	0.5866593233562847
0.9763783310642665	0.5896512595229947
0.977827915611779	0.590494905352574
0.9787522121295696	0.5913332631915195
0.9862204419874088	0.5996596059918033
0.9881433911318771	0.6016425671950891
0.9888473344738387	0.602333230228116
0.9912687756998073	0.6044804356583048
0.9953732769239149	0.6079733819337328
0.9965253260080893	0.6090842682736249
0.9981586541010304	0.6115800346666422
0.9991237939273651	0.6132245425682666
0.9991263103214204	0.6132293784904121
0.999126752878425	0.6132301319357294
0.9995199995419889	0.6139820222668191
0.9997635425780237	0.6145930273960238
0.9998741668325247	0.6149890060862069
0.999985339413991	0.6159103602179092
1.0	0.6165248254409479
0.9999963787793522	0.6165725450859076
0.9999778674154133	0.6171437839868885
0.9994152128889848	0.6242331745653293
0.9994007596492923	0.6243647617839526
0.9991375743709149	0.6267609496352461
0.998971517081901	0.6274594828542229
0.9986279433058357	0.6285430677601371
0.9978102206363093	0.6305997460642278
0.9974739069842362	0.6312615532908991
0.9971520701139265	0.6317706308771244
0.996471013420521	0.6325182352353427
0.9958793185303628	0.6322329431914929
0.9956445914025981	0.6322059617167913
0.9953381890016229	0.6322613729340286
0.9948578202180476	0.6325130187235605
0.9945728540766149	0.6327516999599246
0.994307744116078	0.6330316871535095
0.9939407760496074	0.6335360924569338
0.9937272807258262	0.6339698568850096
0.9935655601047445	0.6344350936065578
0.9932208876500022	0.6357752795436714
0.9930027570431432	0.636163058568288
0.9926894900454617	0.6363512289458133
0.99233385942002	0.6363321396922338
0.9921301142257222	0.6362371532202905
0.9918063420995299	0.6359822685236417
0.9905298122210283	0.6346314608024078
0.9901986288031633	0.6343631812879559
0.9897698562950422	0.6341965203206917
0.9892961204101073	0.634251165946829
0.9888159012202894	0.6344555001234568
0.9878483180301977	0.6350547190416984
0.980094286230097	0.6403648862427701
0.978510752877571	0.6412313203669533
0.976682426325684	0.6421047546128834
0.974474845287206	0.6430200094140255
0.9654746498836975	0.6453350275202794
0.9638917861359523	0.6458777664610825
0.9616046255527682	0.6471543451260475
0.9392512190038765	0.6605524901776182
0.9356435308667459	0.6626581611418351
0.9293337669395968	0.6657482530438558
0.9240070541190987	0.6682001092746299
0.9208318812717491	0.669757934945961
0.9147786110006296	0.6725537831609559
0.91160541456732	0.6741224975684764
0.909915527674814	0.6748630579414672
0.908936433597103	0.675174593874141
0.9079462506034927	0.6754102457131069
0.9072397984302252	0.6755161619169553
0.9032366532123827	0.6756188172350336
0.9020983257469216	0.6757809289938079
0.9013511118955041	0.6760286430103774
0.8984135273283443	0.67724136488583
0.8976778164913876	0.6774991392901696
0.8971897453924055	0.6776066847528214
0.8963797233681642	0.6776718434999697
0.8912914845935511	0.6777552609617519
0.8901734857788935	0.6777213281951189
0.8881401988882102	0.677527637370503
0.8828127515646194	0.6775586857291988
0.8822303420904568	0.6774981125957396
0.877001558756253	0.6765555800384929
0.8764386925857512	0.6764949475583185
0.8747220019222858	0.6764680245771976
0.8718031047191958	0.6765587295266707
0.8706169441412847	0.6767326085327913
0.8700404341151055	0.6769473759776479
0.8695248476798602	0.6772986819058634
0.8692268351016629	0.6775892552479289
0.8686788476702214	0.6782939380150249
0.8683914192305471	0.6787544424705638
0.8706157116181218	0.6805534740233661
0.8726433779322106	0.6820088319550057
0.8706681154437921	0.6840920961596898
0.8499704181385193	0.7036223551922363
0.8460918195580643	0.707348467322944
0.8456013269566012	0.7077801687602215
0.8451603017658613	0.7080816566490035
0.8448797821000931	0.7082101482604641
0.8446548652473677	0.7082555992401335
0.8441399827331022	0.7081564791049662
0.8434373184698247	0.7077937608377338
0.8416872786720807	0.7065854006431008
0.8411953589012571	0.7063429512548521
0.8409115748214666	0.7062631303483291
0.840689389844233	0.7062555485276545
0.8404120550475227	0.7063331429402819
0.839977108366874	0.7065930732887459
0.8397082146813708	0.7068190904041965
0.836834062433872	0.7097609675828689
0.8361141231491381	0.7103005418266665
0.8358223231074701	0.7104231416204276
0.8355830308604767	0.7104671602134506
0.8351383392877446	0.7104586121941568
0.8346291878807982	0.7103445825520395
0.8321112698880584	0.7094773940421548
0.8310789592442339	0.7092124192453846
0.8305501725162174	0.7091623032278851
0.8298804643578359	0.7092376491951059
0.8294929909849703	0.7093434115119354
0.8286989361601772	0.7097223121228736
0.8280970455716264	0.710180009120765
0.8280906497919117	0.7113108329490351
0.827428580390088	0.7190808391265636
0.8273925159237189	0.720820519249777
0.8234499578073574	0.7241880906710747
0.8202872781362598	0.7263715490606948
0.8174366078497932	0.7281748202667657
0.8142364730002972	0.7303217287175109
0.8123628769288667	0.7314805705067156
0.8091629798390173	0.7336281596801452
0.8072894763439081	0.7347870902361726
0.804089737829285	0.7369347819004392
0.8022163233764632	0.7380937694190297
0.7990167435446924	0.7402415581626095
0.7971434181209899	0.7414006024219211
0.7939439969927836	0.7435484882283958
0.7920707606726404	0.7447075893200835
0.7888715003811259	0.7468555749970242
0.7869983644467536	0.7480147478759892
0.7837995209041206	0.7501631766534589
0.7819274404089566	0.7513237262243787
0.7792205028530889	0.7531550967509645
0.778016836482593	0.7539029127610967
0.7763403011939664	0.7547338669503445
0.7588030876869496	0.7621785842707415
0.7449125057031422	0.7679095176668077
0.7430301275980469	0.7686629167337559
0.741336974295264	0.7692725550050581
0.741598664754982	0.7699287509157211
0.7495456409707525	0.7868557093917797
0.7534469224640069	0.7940967981186843
0.7554460553158167	0.7976358439510297
0.7588694881248581	0.8039125917654791
0.76009169281837	0.8057939199688992
0.7621334112959549	0.8086336587041646
0.7631742407103407	0.8100076357150922
0.7644272949759557	0.8117899059241137
0.7654669554570097	0.8131650821985013
0.7667193246700442	0.8149480284145539
0.7677586073052887	0.816323657704691
0.7712977095450237	0.821275808593625
0.7726484812759593	0.8229662049298544
0.7735238364353811	0.8239092676362999
0.7739632224995505	0.8243084610810322
0.7822659937566244	0.8308311230334539
0.7837615846480607	0.8318910193939238
0.7879610915383263	0.834524366335937
0.7900050120846549	0.8359236688190292
0.7942111214533865	0.8385354014915231
0.7951635178008243	0.839258790743103
0.7955097684276571	0.8396349354125118
0.7958285326581831	0.8400928926724827
0.7963595723432622	0.8410080726908458
0.8005024675871578	0.8486311901792406
0.8009903657816378	0.8495880427527882
0.801241991560918	0.8501850999034603
0.8013664765019756	0.8505687555483483
0.8014655226139248	0.8511994382070766
0.8014656159414367	0.8517863063941646
0.8013100074268446	0.8530560643889963
0.8001123083895422	0.8595369927742738
0.7993548128275086	0.8639977224998878
0.7981846266794524	0.8704724553894366
0.7963603600272976	0.8810434861368056
0.7951905679543281	0.8875184001786066
0.7935529895125489	0.8969378762806852
0.7927738982691713	0.9007868876259563
0.7906836645398265	0.902006221124505
0.7766660322594513	0.9105325924905053
0.7740888195802863	0.9120548166992306
0.749865257220421	0.9267890472817012
0.7479548640840541	0.9278905455293246
0.7455313482712924	0.9289641159424491
0.7210326417008436	0.9382938538424657
0.7122916296343934	0.9416754462563989
0.7076796494297639	0.943669267578743
0.7027868457839898	0.9459147394914591
0.6999644050545752	0.9471490901519889
0.6991466633128216	0.9475574353449998
0.6979744824563808	0.9482599826536445
0.6984245132375213	0.9484443972852484
0.6977479419879516	0.9482645871423468
0.6972679625162651	0.9483684783153173
