0 0
4 4
0 4
0 8
4 8
8 8
4 12
0 12
0 16
4 16
8 16
8 12
12 12
12 16
16 16
12 20
8 20
8 24
4 20
0 20
0 24
4 24
4 28
0 28
0 32
4 32
8 32
8 28
12 28
12 32
16 32
16 28
16 24
12 24
16 20
20 20
20 24
24 24
20 28
20 32
24 32
24 28
28 28
28 32
32 32
28 36
24 36
24 40
20 36
16 36
16 40
20 40
20 44
16 44
16 48
12 44
12 40
8 40
12 36
8 36
4 36
0 36
0 40
4 40
4 44
0 44
0 48
4 48
8 48
8 44
12 48
12 52
8 52
8 56
4 52
0 52
0 56
4 56
4 60
0 60
0 64
4 64
8 64
8 60
12 60
12 64
16 64
16 60
16 56
12 56
16 52
20 52
20 56
24 56
20 60
20 64
24 64
24 60
28 60
28 64
32 64
32 60
32 56
28 56
28 52
32 52
32 48
28 48
24 48
24 52
20 48
24 44
28 44
32 44
32 40
28 40
32 36
36 36
36 40
40 40
36 44
36 48
40 48
40 44
44 44
44 48
48 48
44 52
40 52
40 56
36 52
36 56
36 60
36 64
40 64
40 60
44 60
44 64
48 64
48 60
48 56
44 56
48 52
52 52
52 56
56 56
52 60
52 64
56 64
56 60
60 60
60 64
64 64
60 68
56 68
56 72
52 68
48 68
48 72
52 72
52 76
48 76
48 80
44 76
44 72
40 72
44 68
40 68
36 68
32 68
32 72
36 72
36 76
32 76
32 80
36 80
40 80
40 76
44 80
44 84
40 84
40 88
36 84
32 84
32 88
36 88
36 92
32 92
32 96
28 92
28 88
24 88
28 84
28 80
24 80
24 84
20 84
20 80
16 80
20 76
24 76
24 72
28 76
28 72
28 68
24 68
20 68
16 68
16 72
20 72
16 76
12 76
12 72
8 72
12 68
8 68
4 68
0 68
0 72
4 72
4 76
0 76
0 80
4 80
8 80
8 76
12 80
12 84
8 84
8 88
4 84
0 84
0 88
4 88
4 92
0 92
0 96
4 96
8 96
8 92
12 92
12 96
16 96
16 92
16 88
12 88
16 84
20 88
20 92
20 96
24 96
24 92
28 96
28 100
24 100
24 104
20 100
16 100
16 104
20 104
20 108
16 108
16 112
12 108
12 104
8 104
12 100
8 100
4 100
0 100
0 104
4 104
4 108
0 108
0 112
4 112
8 112
8 108
12 112
12 116
8 116
8 120
4 116
0 116
0 120
4 120
4 124
0 124
0 128
4 128
8 128
8 124
12 124
12 128
16 128
16 124
16 120
12 120
16 116
20 116
20 120
24 120
20 124
20 128
24 128
24 124
28 124
28 128
32 128
32 124
32 120
28 120
28 116
32 116
32 112
28 112
24 112
24 116
20 112
24 108
28 108
32 108
32 104
28 104
32 100
36 100
36 104
40 104
36 108
36 112
40 112
40 108
44 108
44 112
48 112
44 116
40 116
40 120
36 116
36 120
36 124
36 128
40 128
40 124
44 124
44 128
48 128
48 124
48 120
44 120
48 116
52 116
52 120
56 120
52 124
52 128
56 128
56 124
60 124
60 128
64 128
64 124
64 120
60 120
60 116
64 116
64 112
60 112
56 112
56 116
52 112
52 108
56 108
56 104
60 108
64 108
64 104
60 104
60 100
64 100
64 96
60 96
56 96
56 100
52 100
52 96
48 96
48 100
48 104
52 104
48 108
44 104
44 100
44 96
40 96
40 100
36 96
40 92
44 92
48 92
48 88
44 88
48 84
52 84
52 88
56 88
52 92
56 92
60 92
64 92
64 88
60 88
60 84
64 84
64 80
60 80
56 80
56 84
52 80
56 76
60 76
64 76
64 72
60 72
64 68
68 68
68 72
72 72
68 76
68 80
72 80
72 76
76 76
76 80
80 80
76 84
72 84
72 88
68 84
68 88
68 92
68 96
72 96
72 92
76 92
76 96
80 96
80 92
80 88
76 88
80 84
84 84
84 88
88 88
84 92
84 96
88 96
88 92
92 92
92 96
96 96
92 100
88 100
88 104
84 100
80 100
80 104
84 104
84 108
80 108
80 112
76 108
76 104
72 104
76 100
72 100
68 100
68 104
68 108
68 112
72 112
72 108
76 112
76 116
72 116
72 120
68 116
68 120
68 124
68 128
72 128
72 124
76 124
76 128
80 128
80 124
80 120
76 120
80 116
84 116
84 120
88 120
84 124
84 128
88 128
88 124
92 124
92 128
96 128
96 124
96 120
92 120
92 116
96 116
96 112
92 112
88 112
88 116
84 112
88 108
92 108
96 108
96 104
92 104
96 100
100 100
100 104
104 104
100 108
100 112
104 112
104 108
108 108
108 112
112 112
108 116
104 116
104 120
100 116
100 120
100 124
100 128
104 128
104 124
108 124
108 128
112 128
112 124
112 120
108 120
112 116
116 116
116 120
120 120
116 124
116 128
120 128
120 124
124 124
124 128
128 128
124 132
120 132
120 136
116 132
112 132
112 136
116 136
116 140
112 140
112 144
108 140
108 136
104 136
108 132
104 132
100 132
96 132
96 136
100 136
100 140
96 140
96 144
100 144
104 144
104 140
108 144
108 148
104 148
104 152
100 148
96 148
96 152
100 152
100 156
96 156
96 160
92 156
92 152
88 152
92 148
92 144
88 144
88 148
84 148
84 144
80 144
84 140
88 140
88 136
92 140
92 136
92 132
88 132
84 132
80 132
80 136
84 136
80 140
76 140
76 136
72 136
76 132
72 132
68 132
64 132
64 136
68 136
68 140
64 140
64 144
68 144
72 144
72 140
76 144
76 148
72 148
72 152
68 148
64 148
64 152
68 152
68 156
64 156
64 160
68 160
72 160
72 156
76 156
76 160
80 160
80 156
80 152
76 152
80 148
84 152
84 156
84 160
88 160
88 156
92 160
92 164
88 164
88 168
84 164
80 164
80 168
84 168
84 172
80 172
80 176
76 172
76 168
72 168
76 164
72 164
68 164
64 164
64 168
68 168
68 172
64 172
64 176
68 176
72 176
72 172
76 176
76 180
72 180
72 184
68 180
64 180
64 184
68 184
68 188
64 188
64 192
60 188
60 184
56 184
60 180
60 176
56 176
56 180
52 180
52 176
48 176
52 172
56 172
56 168
60 172
60 168
60 164
60 160
56 160
56 164
52 164
52 160
48 160
48 164
48 168
52 168
48 172
44 172
44 168
40 168
44 164
44 160
40 160
40 164
36 164
36 160
32 160
36 156
40 156
40 152
44 156
48 156
48 152
44 152
44 148
48 148
48 144
52 148
52 152
56 152
52 156
56 156
60 156
60 152
60 148
60 144
56 144
56 148
52 144
52 140
56 140
56 136
60 140
60 136
60 132
56 132
52 132
48 132
48 136
52 136
48 140
44 140
44 136
40 136
44 132
40 132
36 132
32 132
32 136
36 136
36 140
32 140
32 144
36 144
40 144
40 140
44 144
40 148
36 148
32 148
32 152
36 152
32 156
28 156
28 152
24 152
28 148
28 144
24 144
24 148
20 148
20 144
16 144
20 140
24 140
24 136
28 140
28 136
28 132
24 132
20 132
16 132
16 136
20 136
16 140
12 140
12 136
8 136
12 132
8 132
4 132
0 132
0 136
4 136
4 140
0 140
0 144
4 144
8 144
8 140
12 144
12 148
8 148
8 152
4 148
0 148
0 152
4 152
4 156
0 156
0 160
4 160
8 160
8 156
12 156
12 160
16 160
16 156
16 152
12 152
16 148
20 152
20 156
20 160
24 160
24 156
28 160
28 164
24 164
24 168
20 164
16 164
16 168
20 168
20 172
16 172
16 176
12 172
12 168
8 168
12 164
8 164
4 164
0 164
0 168
4 168
4 172
0 172
0 176
4 176
8 176
8 172
12 176
12 180
8 180
8 184
4 180
0 180
0 184
4 184
4 188
0 188
0 192
4 192
8 192
8 188
12 188
12 192
16 192
16 188
16 184
12 184
16 180
20 180
20 184
24 184
20 188
20 192
24 192
24 188
28 188
28 192
32 192
32 188
32 184
28 184
28 180
32 180
32 176
28 176
24 176
24 180
20 176
24 172
28 172
32 172
32 168
28 168
32 164
36 168
36 172
36 176
40 176
40 172
44 176
44 180
40 180
40 184
36 180
36 184
36 188
36 192
40 192
40 188
44 188
44 192
48 192
48 188
48 184
44 184
48 180
52 184
52 188
52 192
56 192
56 188
60 192
60 196
56 196
56 200
52 196
48 196
48 200
52 200
52 204
48 204
48 208
44 204
44 200
40 200
44 196
40 196
36 196
32 196
32 200
36 200
36 204
32 204
32 208
36 208
40 208
40 204
44 208
44 212
40 212
40 216
36 212
32 212
32 216
36 216
36 220
32 220
32 224
28 220
28 216
24 216
28 212
28 208
24 208
24 212
20 212
20 208
16 208
20 204
24 204
24 200
28 204
28 200
28 196
24 196
20 196
16 196
16 200
20 200
16 204
12 204
12 200
8 200
12 196
8 196
4 196
0 196
0 200
4 200
4 204
0 204
0 208
4 208
8 208
8 204
12 208
12 212
8 212
8 216
4 212
0 212
0 216
4 216
4 220
0 220
0 224
4 224
8 224
8 220
12 220
12 224
16 224
16 220
16 216
12 216
16 212
20 216
20 220
20 224
24 224
24 220
28 224
28 228
24 228
24 232
20 228
16 228
16 232
20 232
20 236
16 236
16 240
12 236
12 232
8 232
12 228
8 228
4 228
0 228
0 232
4 232
4 236
0 236
0 240
4 240
8 240
8 236
12 240
12 244
8 244
8 248
4 244
0 244
0 248
4 248
4 252
0 252
0 256
4 256
8 256
8 252
12 252
12 256
16 256
16 252
16 248
12 248
16 244
20 244
20 248
24 248
20 252
20 256
24 256
24 252
28 252
28 256
32 256
32 252
32 248
28 248
28 244
32 244
32 240
28 240
24 240
24 244
20 240
24 236
28 236
32 236
32 232
28 232
32 228
36 228
36 232
40 232
36 236
36 240
40 240
40 236
44 236
44 240
48 240
44 244
40 244
40 248
36 244
36 248
36 252
36 256
40 256
40 252
44 252
44 256
48 256
48 252
48 248
44 248
48 244
52 244
52 248
56 248
52 252
52 256
56 256
56 252
60 252
60 256
64 256
64 252
64 248
60 248
60 244
64 244
64 240
60 240
56 240
56 244
52 240
52 236
56 236
56 232
60 236
64 236
64 232
60 232
60 228
64 228
64 224
60 224
56 224
56 228
52 228
52 224
48 224
48 228
48 232
52 232
48 236
44 232
44 228
44 224
40 224
40 228
36 224
40 220
44 220
48 220
48 216
44 216
48 212
52 212
52 216
56 216
52 220
56 220
60 220
64 220
64 216
60 216
60 212
64 212
64 208
60 208
56 208
56 212
52 208
56 204
60 204
64 204
64 200
60 200
64 196
68 196
68 200
72 200
68 204
68 208
72 208
72 204
76 204
76 208
80 208
76 212
72 212
72 216
68 212
68 216
68 220
68 224
72 224
72 220
76 220
76 224
80 224
80 220
80 216
76 216
80 212
84 212
84 216
88 216
84 220
84 224
88 224
88 220
92 220
92 224
96 224
92 228
88 228
88 232
84 228
80 228
80 232
84 232
84 236
80 236
80 240
76 236
76 232
72 232
76 228
72 228
68 228
68 232
68 236
68 240
72 240
72 236
76 240
76 244
72 244
72 248
68 244
68 248
68 252
68 256
72 256
72 252
76 252
76 256
80 256
80 252
80 248
76 248
80 244
84 244
84 248
88 248
84 252
84 256
88 256
88 252
92 252
92 256
96 256
96 252
96 248
92 248
92 244
96 244
96 240
92 240
88 240
88 244
84 240
88 236
92 236
96 236
96 232
92 232
96 228
100 228
100 232
104 232
100 236
100 240
104 240
104 236
108 236
108 240
112 240
108 244
104 244
104 248
100 244
100 248
100 252
100 256
104 256
104 252
108 252
108 256
112 256
112 252
112 248
108 248
112 244
116 244
116 248
120 248
116 252
116 256
120 256
120 252
124 252
124 256
128 256
128 252
128 248
124 248
124 244
128 244
128 240
124 240
120 240
120 244
116 240
116 236
120 236
120 232
124 236
128 236
128 232
124 232
124 228
128 228
128 224
124 224
120 224
120 228
116 228
116 224
112 224
112 228
112 232
116 232
112 236
108 232
108 228
108 224
104 224
104 228
100 224
100 220
104 220
104 216
108 220
112 220
112 216
108 216
108 212
112 212
112 208
116 212
116 216
120 216
116 220
120 220
124 220
128 220
128 216
124 216
124 212
128 212
128 208
124 208
120 208
120 212
116 208
116 204
120 204
120 200
124 204
128 204
128 200
124 200
124 196
128 196
128 192
124 192
120 192
120 196
116 196
116 192
112 192
112 196
112 200
116 200
112 204
108 204
108 200
104 200
108 196
108 192
104 192
104 196
100 196
100 192
96 192
96 196
96 200
100 200
100 204
96 204
96 208
100 208
104 208
104 204
108 208
104 212
100 212
96 212
96 216
100 216
96 220
92 216
92 212
92 208
88 208
88 212
84 208
84 204
88 204
88 200
92 204
92 200
92 196
92 192
88 192
88 196
84 196
84 192
80 192
80 196
80 200
84 200
80 204
76 200
76 196
76 192
72 192
72 196
68 192
72 188
76 188
80 188
80 184
76 184
80 180
84 180
84 184
88 184
84 188
88 188
92 188
96 188
96 184
92 184
92 180
96 180
96 176
92 176
88 176
88 180
84 176
88 172
92 172
96 172
96 168
92 168
96 164
100 164
100 168
104 168
100 172
100 176
104 176
104 172
108 172
108 176
112 176
108 180
104 180
104 184
100 180
100 184
100 188
104 188
108 188
112 188
112 184
108 184
112 180
116 180
116 184
120 184
116 188
120 188
124 188
128 188
128 184
124 184
124 180
128 180
128 176
124 176
120 176
120 180
116 176
116 172
120 172
120 168
124 172
128 172
128 168
124 168
124 164
128 164
128 160
124 160
120 160
120 164
116 164
116 160
112 160
112 164
112 168
116 168
112 172
108 168
108 164
108 160
104 160
104 164
100 160
104 156
108 156
112 156
112 152
108 152
112 148
116 148
116 152
120 152
116 156
120 156
124 156
128 156
128 152
124 152
124 148
128 148
128 144
124 144
120 144
120 148
116 144
120 140
124 140
128 140
128 136
124 136
128 132
132 132
132 136
136 136
132 140
132 144
136 144
136 140
140 140
140 144
144 144
140 148
136 148
136 152
132 148
132 152
132 156
132 160
136 160
136 156
140 156
140 160
144 160
144 156
144 152
140 152
144 148
148 148
148 152
152 152
148 156
148 160
152 160
152 156
156 156
156 160
160 160
156 164
152 164
152 168
148 164
144 164
144 168
148 168
148 172
144 172
144 176
140 172
140 168
136 168
140 164
136 164
132 164
132 168
132 172
132 176
136 176
136 172
140 176
140 180
136 180
136 184
132 180
132 184
132 188
132 192
136 192
136 188
140 188
140 192
144 192
144 188
144 184
140 184
144 180
148 180
148 184
152 184
148 188
148 192
152 192
152 188
156 188
156 192
160 192
160 188
160 184
156 184
156 180
160 180
160 176
156 176
152 176
152 180
148 176
152 172
156 172
160 172
160 168
156 168
160 164
164 164
164 168
168 168
164 172
164 176
168 176
168 172
172 172
172 176
176 176
172 180
168 180
168 184
164 180
164 184
164 188
164 192
168 192
168 188
172 188
172 192
176 192
176 188
176 184
172 184
176 180
180 180
180 184
184 184
180 188
180 192
184 192
184 188
188 188
188 192
192 192
188 196
184 196
184 200
180 196
176 196
176 200
180 200
180 204
176 204
176 208
172 204
172 200
168 200
172 196
168 196
164 196
160 196
160 200
164 200
164 204
160 204
160 208
164 208
168 208
168 204
172 208
172 212
168 212
168 216
164 212
160 212
160 216
164 216
164 220
160 220
160 224
156 220
156 216
152 216
156 212
156 208
152 208
152 212
148 212
148 208
144 208
148 204
152 204
152 200
156 204
156 200
156 196
152 196
148 196
144 196
144 200
148 200
144 204
140 204
140 200
136 200
140 196
136 196
132 196
132 200
132 204
132 208
136 208
136 204
140 208
140 212
136 212
136 216
132 212
132 216
132 220
132 224
136 224
136 220
140 220
140 224
144 224
144 220
144 216
140 216
144 212
148 216
148 220
148 224
152 224
152 220
156 224
156 228
152 228
152 232
148 228
144 228
144 232
148 232
148 236
144 236
144 240
140 236
140 232
136 232
140 228
136 228
132 228
132 232
132 236
132 240
136 240
136 236
140 240
140 244
136 244
136 248
132 244
132 248
132 252
132 256
136 256
136 252
140 252
140 256
144 256
144 252
144 248
140 248
144 244
148 244
148 248
152 248
148 252
148 256
152 256
152 252
156 252
156 256
160 256
160 252
160 248
156 248
156 244
160 244
160 240
156 240
152 240
152 244
148 240
152 236
156 236
160 236
160 232
156 232
160 228
164 228
164 232
168 232
164 236
164 240
168 240
168 236
172 236
172 240
176 240
172 244
168 244
168 248
164 244
164 248
164 252
164 256
168 256
168 252
172 252
172 256
176 256
176 252
176 248
172 248
176 244
180 244
180 248
184 248
180 252
180 256
184 256
184 252
188 252
188 256
192 256
192 252
192 248
188 248
188 244
192 244
192 240
188 240
184 240
184 244
180 240
180 236
184 236
184 232
188 236
192 236
192 232
188 232
188 228
192 228
192 224
188 224
184 224
184 228
180 228
180 224
176 224
176 228
176 232
180 232
176 236
172 232
172 228
172 224
168 224
168 228
164 224
168 220
172 220
176 220
176 216
172 216
176 212
180 212
180 216
184 216
180 220
184 220
188 220
192 220
192 216
188 216
188 212
192 212
192 208
188 208
184 208
184 212
180 208
184 204
188 204
192 204
192 200
188 200
192 196
196 196
196 200
200 200
196 204
196 208
200 208
200 204
204 204
204 208
208 208
204 212
200 212
200 216
196 212
196 216
196 220
196 224
200 224
200 220
204 220
204 224
208 224
208 220
208 216
204 216
208 212
212 212
212 216
216 216
212 220
212 224
216 224
216 220
220 220
220 224
224 224
220 228
216 228
216 232
212 228
208 228
208 232
212 232
212 236
208 236
208 240
204 236
204 232
200 232
204 228
200 228
196 228
196 232
196 236
196 240
200 240
200 236
204 240
204 244
200 244
200 248
196 244
196 248
196 252
196 256
200 256
200 252
204 252
204 256
208 256
208 252
208 248
204 248
208 244
212 244
212 248
216 248
212 252
212 256
216 256
216 252
220 252
220 256
224 256
224 252
224 248
220 248
220 244
224 244
224 240
220 240
216 240
216 244
212 240
216 236
220 236
224 236
224 232
220 232
224 228
228 228
228 232
232 232
228 236
228 240
232 240
232 236
236 236
236 240
240 240
236 244
232 244
232 248
228 244
228 248
228 252
228 256
232 256
232 252
236 252
236 256
240 256
240 252
240 248
236 248
240 244
244 244
244 248
248 248
244 252
244 256
248 256
248 252
252 252
252 256
256 256
256 252
256 248
252 248
252 244
256 244
256 240
252 240
248 240
248 244
244 240
244 236
248 236
248 232
252 236
256 236
256 232
252 232
252 228
256 228
256 224
252 224
248 224
248 228
244 228
244 224
240 224
240 228
240 232
244 232
240 236
236 232
236 228
236 224
232 224
232 228
228 224
228 220
232 220
232 216
236 220
240 220
240 216
236 216
236 212
240 212
240 208
244 212
244 216
248 216
244 220
248 220
252 220
256 220
256 216
252 216
252 212
256 212
256 208
252 208
248 208
248 212
244 208
244 204
248 204
248 200
252 204
256 204
256 200
252 200
252 196
256 196
256 192
252 192
248 192
248 196
244 196
244 192
240 192
240 196
240 200
244 200
240 204
236 204
236 200
232 200
236 196
236 192
232 192
232 196
228 196
228 192
224 192
224 196
224 200
228 200
228 204
224 204
224 208
228 208
232 208
232 204
236 208
232 212
228 212
224 212
224 216
228 216
224 220
220 216
220 212
220 208
216 208
216 212
212 208
212 204
216 204
216 200
220 204
220 200
220 196
220 192
216 192
216 196
212 196
212 192
208 192
208 196
208 200
212 200
208 204
204 200
204 196
204 192
200 192
200 196
196 192
196 188
200 188
200 184
204 188
208 188
208 184
204 184
204 180
208 180
208 176
212 180
212 184
216 184
212 188
216 188
220 188
224 188
224 184
220 184
220 180
224 180
224 176
220 176
216 176
216 180
212 176
212 172
216 172
216 168
220 172
224 172
224 168
220 168
220 164
224 164
224 160
228 164
228 168
232 168
228 172
228 176
232 176
232 172
236 172
236 176
240 176
236 180
232 180
232 184
228 180
228 184
228 188
232 188
236 188
240 188
240 184
236 184
240 180
244 180
244 184
248 184
244 188
248 188
252 188
256 188
256 184
252 184
252 180
256 180
256 176
252 176
248 176
248 180
244 176
244 172
248 172
248 168
252 172
256 172
256 168
252 168
252 164
256 164
256 160
252 160
248 160
248 164
244 164
244 160
240 160
240 164
240 168
244 168
240 172
236 168
236 164
236 160
232 160
232 164
228 160
228 156
232 156
232 152
236 156
240 156
240 152
236 152
236 148
240 148
240 144
244 148
244 152
248 152
244 156
248 156
252 156
256 156
256 152
252 152
252 148
256 148
256 144
252 144
248 144
248 148
244 144
244 140
248 140
248 136
252 140
256 140
256 136
252 136
252 132
256 132
256 128
252 128
248 128
248 132
244 132
244 128
240 128
240 132
240 136
244 136
240 140
236 140
236 136
232 136
236 132
236 128
232 128
232 132
228 132
228 128
224 128
224 132
224 136
228 136
228 140
224 140
224 144
228 144
232 144
232 140
236 144
232 148
228 148
224 148
224 152
228 152
224 156
220 156
220 152
216 152
220 148
220 144
216 144
216 148
212 148
212 144
208 144
212 140
216 140
216 136
220 140
220 136
220 132
220 128
216 128
216 132
212 132
212 128
208 128
208 132
208 136
212 136
208 140
204 140
204 136
200 136
204 132
204 128
200 128
200 132
196 132
196 128
192 128
192 132
192 136
196 136
196 140
192 140
192 144
196 144
200 144
200 140
204 144
204 148
200 148
200 152
196 148
192 148
192 152
196 152
196 156
192 156
192 160
196 160
200 160
200 156
204 156
204 160
208 160
208 156
208 152
204 152
208 148
212 152
212 156
212 160
216 160
216 156
220 160
216 164
212 164
208 164
208 168
212 168
208 172
204 172
204 168
200 168
204 164
200 164
196 164
192 164
192 168
196 168
196 172
192 172
192 176
196 176
200 176
200 172
204 176
200 180
196 180
192 180
192 184
196 184
192 188
188 184
188 180
188 176
184 176
184 180
180 176
180 172
184 172
184 168
188 172
188 168
188 164
188 160
184 160
184 164
180 164
180 160
176 160
176 164
176 168
180 168
176 172
172 168
172 164
172 160
168 160
168 164
164 160
164 156
168 156
168 152
172 156
176 156
176 152
172 152
172 148
176 148
176 144
180 148
180 152
184 152
180 156
184 156
188 156
188 152
188 148
188 144
184 144
184 148
180 144
180 140
184 140
184 136
188 140
188 136
188 132
188 128
184 128
184 132
180 132
180 128
176 128
176 132
176 136
180 136
176 140
172 140
172 136
168 136
172 132
172 128
168 128
168 132
164 132
164 128
160 128
160 132
160 136
164 136
164 140
160 140
160 144
164 144
168 144
168 140
172 144
168 148
164 148
160 148
160 152
164 152
160 156
156 152
156 148
156 144
152 144
152 148
148 144
148 140
152 140
152 136
156 140
156 136
156 132
156 128
152 128
152 132
148 132
148 128
144 128
144 132
144 136
148 136
144 140
140 136
140 132
140 128
136 128
136 132
132 128
132 124
136 124
136 120
140 124
144 124
144 120
140 120
140 116
144 116
144 112
148 116
148 120
152 120
148 124
152 124
156 124
160 124
160 120
156 120
156 116
160 116
160 112
156 112
152 112
152 116
148 112
148 108
152 108
152 104
156 108
160 108
160 104
156 104
156 100
160 100
160 96
164 100
164 104
168 104
164 108
164 112
168 112
168 108
172 108
172 112
176 112
172 116
168 116
168 120
164 116
164 120
164 124
168 124
172 124
176 124
176 120
172 120
176 116
180 116
180 120
184 120
180 124
184 124
188 124
192 124
192 120
188 120
188 116
192 116
192 112
188 112
184 112
184 116
180 112
180 108
184 108
184 104
188 108
192 108
192 104
188 104
188 100
192 100
192 96
188 96
184 96
184 100
180 100
180 96
176 96
176 100
176 104
180 104
176 108
172 104
172 100
172 96
168 96
168 100
164 96
164 92
168 92
168 88
172 92
176 92
176 88
172 88
172 84
176 84
176 80
180 84
180 88
184 88
180 92
184 92
188 92
192 92
192 88
188 88
188 84
192 84
192 80
188 80
184 80
184 84
180 80
180 76
184 76
184 72
188 76
192 76
192 72
188 72
188 68
192 68
192 64
196 68
196 72
200 72
196 76
196 80
200 80
200 76
204 76
204 80
208 80
204 84
200 84
200 88
196 84
196 88
196 92
196 96
200 96
200 92
204 92
204 96
208 96
208 92
208 88
204 88
208 84
212 84
212 88
216 88
212 92
212 96
216 96
216 92
220 92
220 96
224 96
220 100
216 100
216 104
212 100
208 100
208 104
212 104
212 108
208 108
208 112
204 108
204 104
200 104
204 100
200 100
196 100
196 104
196 108
196 112
200 112
200 108
204 112
204 116
200 116
200 120
196 116
196 120
196 124
200 124
204 124
208 124
208 120
204 120
208 116
212 116
212 120
216 120
212 124
216 124
220 124
224 124
224 120
220 120
220 116
224 116
224 112
220 112
216 112
216 116
212 112
216 108
220 108
224 108
224 104
220 104
224 100
228 100
228 104
232 104
228 108
228 112
232 112
232 108
236 108
236 112
240 112
236 116
232 116
232 120
228 116
228 120
228 124
232 124
236 124
240 124
240 120
236 120
240 116
244 116
244 120
248 120
244 124
248 124
252 124
256 124
256 120
252 120
252 116
256 116
256 112
252 112
248 112
248 116
244 112
244 108
248 108
248 104
252 108
256 108
256 104
252 104
252 100
256 100
256 96
252 96
248 96
248 100
244 100
244 96
240 96
240 100
240 104
244 104
240 108
236 104
236 100
236 96
232 96
232 100
228 96
228 92
232 92
232 88
236 92
240 92
240 88
236 88
236 84
240 84
240 80
244 84
244 88
248 88
244 92
248 92
252 92
256 92
256 88
252 88
252 84
256 84
256 80
252 80
248 80
248 84
244 80
244 76
248 76
248 72
252 76
256 76
256 72
252 72
252 68
256 68
256 64
252 64
248 64
248 68
244 68
244 64
240 64
240 68
240 72
244 72
240 76
236 76
236 72
232 72
236 68
236 64
232 64
232 68
228 68
228 64
224 64
224 68
224 72
228 72
228 76
224 76
224 80
228 80
232 80
232 76
236 80
232 84
228 84
224 84
224 88
228 88
224 92
220 88
220 84
220 80
216 80
216 84
212 80
212 76
216 76
216 72
220 76
220 72
220 68
220 64
216 64
216 68
212 68
212 64
208 64
208 68
208 72
212 72
208 76
204 72
204 68
204 64
200 64
200 68
196 64
196 60
200 60
200 56
204 60
208 60
208 56
204 56
204 52
208 52
208 48
212 52
212 56
216 56
212 60
216 60
220 60
224 60
224 56
220 56
220 52
224 52
224 48
220 48
216 48
216 52
212 48
212 44
216 44
216 40
220 44
224 44
224 40
220 40
220 36
224 36
224 32
228 36
228 40
232 40
228 44
228 48
232 48
232 44
236 44
236 48
240 48
236 52
232 52
232 56
228 52
228 56
228 60
232 60
236 60
240 60
240 56
236 56
240 52
244 52
244 56
248 56
244 60
248 60
252 60
256 60
256 56
252 56
252 52
256 52
256 48
252 48
248 48
248 52
244 48
244 44
248 44
248 40
252 44
256 44
256 40
252 40
252 36
256 36
256 32
252 32
248 32
248 36
244 36
244 32
240 32
240 36
240 40
244 40
240 44
236 40
236 36
236 32
232 32
232 36
228 32
228 28
232 28
232 24
236 28
240 28
240 24
236 24
236 20
240 20
240 16
244 20
244 24
248 24
244 28
248 28
252 28
256 28
256 24
252 24
252 20
256 20
256 16
252 16
248 16
248 20
244 16
244 12
248 12
248 8
252 12
256 12
256 8
252 8
252 4
256 4
256 0
252 0
248 0
248 4
244 4
244 0
240 0
240 4
240 8
244 8
240 12
236 12
236 8
232 8
236 4
236 0
232 0
232 4
228 4
228 0
224 0
224 4
224 8
228 8
228 12
224 12
224 16
228 16
232 16
232 12
236 16
232 20
228 20
224 20
224 24
228 24
224 28
220 28
220 24
216 24
220 20
220 16
216 16
216 20
212 20
212 16
208 16
212 12
216 12
216 8
220 12
220 8
220 4
220 0
216 0
216 4
212 4
212 0
208 0
208 4
208 8
212 8
208 12
204 12
204 8
200 8
204 4
204 0
200 0
200 4
196 4
196 0
192 0
192 4
192 8
196 8
196 12
192 12
192 16
196 16
200 16
200 12
204 16
204 20
200 20
200 24
196 20
192 20
192 24
196 24
196 28
192 28
192 32
196 32
200 32
200 28
204 28
204 32
208 32
208 28
208 24
204 24
208 20
212 24
212 28
212 32
216 32
216 28
220 32
216 36
212 36
208 36
208 40
212 40
208 44
204 44
204 40
200 40
204 36
200 36
196 36
192 36
192 40
196 40
196 44
192 44
192 48
196 48
200 48
200 44
204 48
200 52
196 52
192 52
192 56
196 56
192 60
188 60
188 56
184 56
188 52
188 48
184 48
184 52
180 52
180 48
176 48
180 44
184 44
184 40
188 44
188 40
188 36
188 32
184 32
184 36
180 36
180 32
176 32
176 36
176 40
180 40
176 44
172 44
172 40
168 40
172 36
172 32
168 32
168 36
164 36
164 32
160 32
164 28
168 28
168 24
172 28
176 28
176 24
172 24
172 20
176 20
176 16
180 20
180 24
184 24
180 28
184 28
188 28
188 24
188 20
188 16
184 16
184 20
180 16
180 12
184 12
184 8
188 12
188 8
188 4
188 0
184 0
184 4
180 4
180 0
176 0
176 4
176 8
180 8
176 12
172 12
172 8
168 8
172 4
172 0
168 0
168 4
164 4
164 0
160 0
160 4
160 8
164 8
164 12
160 12
160 16
164 16
168 16
168 12
172 16
168 20
164 20
160 20
160 24
164 24
160 28
156 28
156 24
152 24
156 20
156 16
152 16
152 20
148 20
148 16
144 16
148 12
152 12
152 8
156 12
156 8
156 4
156 0
152 0
152 4
148 4
148 0
144 0
144 4
144 8
148 8
144 12
140 12
140 8
136 8
140 4
140 0
136 0
136 4
132 4
132 0
128 0
128 4
128 8
132 8
132 12
128 12
128 16
132 16
136 16
136 12
140 16
140 20
136 20
136 24
132 20
128 20
128 24
132 24
132 28
128 28
128 32
132 32
136 32
136 28
140 28
140 32
144 32
144 28
144 24
140 24
144 20
148 24
148 28
148 32
152 32
152 28
156 32
156 36
152 36
152 40
148 36
144 36
144 40
148 40
148 44
144 44
144 48
140 44
140 40
136 40
140 36
136 36
132 36
128 36
128 40
132 40
132 44
128 44
128 48
132 48
136 48
136 44
140 48
140 52
136 52
136 56
132 52
128 52
128 56
132 56
132 60
128 60
128 64
132 64
136 64
136 60
140 60
140 64
144 64
144 60
144 56
140 56
144 52
148 52
148 56
152 56
148 60
148 64
152 64
152 60
156 60
156 64
160 64
160 60
160 56
156 56
156 52
160 52
160 48
156 48
152 48
152 52
148 48
152 44
156 44
160 44
160 40
156 40
160 36
164 40
164 44
164 48
168 48
168 44
172 48
172 52
168 52
168 56
164 52
164 56
164 60
164 64
168 64
168 60
172 60
172 64
176 64
176 60
176 56
172 56
176 52
180 56
180 60
180 64
184 64
184 60
188 64
184 68
180 68
176 68
176 72
180 72
176 76
172 76
172 72
168 72
172 68
168 68
164 68
160 68
160 72
164 72
164 76
160 76
160 80
164 80
168 80
168 76
172 80
168 84
164 84
160 84
160 88
164 88
160 92
156 92
156 88
152 88
156 84
156 80
152 80
152 84
148 84
148 80
144 80
148 76
152 76
152 72
156 76
156 72
156 68
152 68
148 68
144 68
144 72
148 72
144 76
140 76
140 72
136 72
140 68
136 68
132 68
128 68
128 72
132 72
132 76
128 76
128 80
132 80
136 80
136 76
140 80
140 84
136 84
136 88
132 84
128 84
128 88
132 88
132 92
128 92
128 96
132 96
136 96
136 92
140 92
140 96
144 96
144 92
144 88
140 88
144 84
148 88
148 92
148 96
152 96
152 92
156 96
152 100
148 100
144 100
144 104
148 104
144 108
140 108
140 104
136 104
140 100
136 100
132 100
128 100
128 104
132 104
132 108
128 108
128 112
132 112
136 112
136 108
140 112
136 116
132 116
128 116
128 120
132 120
128 124
124 120
124 116
124 112
120 112
120 116
116 112
116 108
120 108
120 104
124 108
124 104
124 100
124 96
120 96
120 100
116 100
116 96
112 96
112 100
112 104
116 104
112 108
108 104
108 100
108 96
104 96
104 100
100 96
100 92
104 92
104 88
108 92
112 92
112 88
108 88
108 84
112 84
112 80
116 84
116 88
120 88
116 92
120 92
124 92
124 88
124 84
124 80
120 80
120 84
116 80
116 76
120 76
120 72
124 76
124 72
124 68
124 64
120 64
120 68
116 68
116 64
112 64
112 68
112 72
116 72
112 76
108 76
108 72
104 72
108 68
108 64
104 64
104 68
100 68
100 64
96 64
96 68
96 72
100 72
100 76
96 76
96 80
100 80
104 80
104 76
108 80
104 84
100 84
96 84
96 88
100 88
96 92
92 88
92 84
92 80
88 80
88 84
84 80
84 76
88 76
88 72
92 76
92 72
92 68
92 64
88 64
88 68
84 68
84 64
80 64
80 68
80 72
84 72
80 76
76 72
76 68
76 64
72 64
72 68
68 64
68 60
72 60
72 56
76 60
80 60
80 56
76 56
76 52
80 52
80 48
84 52
84 56
88 56
84 60
88 60
92 60
96 60
96 56
92 56
92 52
96 52
96 48
92 48
88 48
88 52
84 48
84 44
88 44
88 40
92 44
96 44
96 40
92 40
92 36
96 36
96 32
100 36
100 40
104 40
100 44
100 48
104 48
104 44
108 44
108 48
112 48
108 52
104 52
104 56
100 52
100 56
100 60
104 60
108 60
112 60
112 56
108 56
112 52
116 52
116 56
120 56
116 60
120 60
124 60
124 56
124 52
124 48
120 48
120 52
116 48
116 44
120 44
120 40
124 44
124 40
124 36
124 32
120 32
120 36
116 36
116 32
112 32
112 36
112 40
116 40
112 44
108 40
108 36
108 32
104 32
104 36
100 32
100 28
104 28
104 24
108 28
112 28
112 24
108 24
108 20
112 20
112 16
116 20
116 24
120 24
116 28
120 28
124 28
124 24
124 20
124 16
120 16
120 20
116 16
116 12
120 12
120 8
124 12
124 8
124 4
124 0
120 0
120 4
116 4
116 0
112 0
112 4
112 8
116 8
112 12
108 12
108 8
104 8
108 4
108 0
104 0
104 4
100 4
100 0
96 0
96 4
96 8
100 8
100 12
96 12
96 16
100 16
104 16
104 12
108 16
104 20
100 20
96 20
96 24
100 24
96 28
92 28
92 24
88 24
92 20
92 16
88 16
88 20
84 20
84 16
80 16
84 12
88 12
88 8
92 12
92 8
92 4
92 0
88 0
88 4
84 4
84 0
80 0
80 4
80 8
84 8
80 12
76 12
76 8
72 8
76 4
76 0
72 0
72 4
68 4
68 0
64 0
64 4
64 8
68 8
68 12
64 12
64 16
68 16
72 16
72 12
76 16
76 20
72 20
72 24
68 20
64 20
64 24
68 24
68 28
64 28
64 32
68 32
72 32
72 28
76 28
76 32
80 32
80 28
80 24
76 24
80 20
84 24
84 28
84 32
88 32
88 28
92 32
88 36
84 36
80 36
80 40
84 40
80 44
76 44
76 40
72 40
76 36
72 36
68 36
64 36
64 40
68 40
68 44
64 44
64 48
68 48
72 48
72 44
76 48
72 52
68 52
64 52
64 56
68 56
64 60
60 56
60 52
60 48
56 48
56 52
52 48
52 44
56 44
56 40
60 44
60 40
60 36
60 32
56 32
56 36
52 36
52 32
48 32
48 36
48 40
52 40
48 44
44 40
44 36
44 32
40 32
40 36
36 32
36 28
40 28
40 24
44 28
48 28
48 24
44 24
44 20
48 20
48 16
52 20
52 24
56 24
52 28
56 28
60 28
60 24
60 20
60 16
56 16
56 20
52 16
52 12
56 12
56 8
60 12
60 8
60 4
60 0
56 0
56 4
52 4
52 0
48 0
48 4
48 8
52 8
48 12
44 12
44 8
40 8
44 4
44 0
40 0
40 4
36 4
36 0
32 0
32 4
32 8
36 8
36 12
32 12
32 16
36 16
40 16
40 12
44 16
40 20
36 20
32 20
32 24
36 24
32 28
28 24
28 20
28 16
24 16
24 20
20 16
20 12
24 12
24 8
28 12
28 8
28 4
28 0
24 0
24 4
20 4
20 0
16 0
16 4
16 8
20 8
16 12
12 8
12 4
12 0
8 0
8 4
4 0
